1 128 59
1 28 168
1 38 151
1 48 284
1 62 74
10 127 69
10 27 171
10 46 91
10 98 138
101 115 444
101 122 609
103 108 123
103 118 112
103 123 374
106 110 286
107 112 124
108 123 475
11 125 249
11 35 574
11 75 473
11 81 628
111 124 192
111 126 175
114 119 251
114 120 163
115 122 401
12 117 200
12 127 141
12 27 236
12 28 222
12 56 199
12 80 133
122 124 775
124 126 251
13 119 237
13 121 338
13 16 285
13 31 534
13 41 692
13 57 508
13 65 271
14 113 606
14 15 396
14 30 271
14 45 685
14 74 189
14 76 224
14 96 312
15 100 118
15 43 209
15 45 718
15 49 215
15 76 254
16 119 290
16 128 120
16 38 100
16 62 30
16 65 309
16 92 242
17 109 341
17 32 1708
17 53 269
17 85 255
18 29 240
18 34 335
18 69 292
18 79 201
19 102 357
19 124 320
19 126 124
19 29 617
19 86 299
2 100 404
2 23 203
2 63 625
2 71 93
2 72 107
2 81 635
20 109 168
20 36 100
20 57 138
20 83 152
21 103 346
21 118 297
21 123 71
21 61 44
22 106 137
22 116 127
22 47 325
22 52 292
22 61 277
22 68 314
22 70 172
23 108 301
23 35 221
23 71 141
23 81 721
24 107 392
24 112 297
24 117 187
24 37 111
24 48 347
24 56 95
24 84 879
25 105 370
25 116 324
25 118 152
25 68 381
25 72 405
25 78 389
26 46 216
26 59 221
26 67 71
26 82 155
26 98 407
27 120 141
27 127 181
27 98 152
28 117 201
28 38 203
28 48 181
29 124 671
29 40 521
29 69 184
3 102 301
3 18 84
3 19 551
3 29 224
3 55 202
3 79 207
30 32 274
30 39 200
30 74 215
30 95 252
30 96 330
31 104 266
31 121 287
31 41 547
31 42 457
31 52 79
31 68 239
32 33 707
32 39 393
32 44 1437
32 73 493
32 85 1455
32 93 2051
32 95 161
33 41 341
33 42 289
33 51 334
33 54 686
33 66 543
33 73 287
33 77 386
33 85 973
34 102 433
34 125 1850
34 55 214
34 69 592
34 79 184
35 108 407
35 81 757
36 109 217
36 53 299
36 54 106
36 57 200
37 112 231
37 56 92
37 80 175
37 82 131
38 119 263
38 62 100
38 64 187
39 51 165
39 73 155
39 74 183
4 107 216
4 112 177
4 17 1760
4 26 144
4 67 80
4 9 1009
4 98 544
40 115 532
40 122 447
40 124 614
40 69 589
40 75 783
40 97 315
41 42 154
41 57 526
41 77 96
42 104 460
42 66 545
43 49 289
43 51 330
43 66 282
43 76 120
44 113 654
44 122 664
44 87 609
44 93 619
44 94 661
44 95 1278
44 96 1055
45 100 709
45 101 201
45 113 377
45 63 368
45 87 207
46 127 116
46 59 86
46 98 203
47 106 279
47 110 215
47 123 389
47 61 394
47 84 215
48 110 456
48 117 183
48 128 310
48 84 572
48 92 399
49 100 195
49 105 109
49 66 300
49 72 351
49 78 246
5 116 151
5 118 271
5 22 231
5 25 280
5 61 91
50 110 182
50 121 226
50 65 175
50 70 271
50 92 85
51 66 386
51 73 96
51 74 256
51 76 318
52 121 254
52 68 226
52 70 249
53 109 224
53 54 309
53 85 61
54 57 289
54 77 337
54 85 356
55 102 237
55 79 37
56 117 146
56 80 170
57 58 238
57 77 468
57 83 135
58 83 198
59 127 99
59 80 63
59 82 221
6 114 245
6 119 121
6 13 257
6 57 407
6 58 218
6 9 298
60 111 66
60 124 215
60 88 388
60 90 85
60 91 114
60 99 133
61 118 293
61 123 113
62 128 101
63 100 588
63 101 347
63 81 132
64 114 254
64 119 123
64 120 173
65 121 108
65 92 188
66 104 340
66 78 149
67 112 155
67 82 153
68 104 129
68 116 253
68 78 374
69 125 1305
69 75 1083
7 107 2571
7 108 523
7 11 669
7 123 881
7 125 751
7 35 308
7 84 1324
70 106 47
70 110 289
70 121 229
71 108 326
71 72 110
72 100 384
72 103 410
72 105 313
72 108 379
72 118 421
74 76 159
75 115 393
75 125 607
75 81 441
78 104 304
78 105 192
8 12 236
8 120 179
8 27 116
8 28 283
8 38 172
8 64 138
80 127 111
80 82 222
81 101 407
81 115 557
82 112 125
83 109 220
84 107 1250
84 110 308
84 123 514
86 102 650
86 111 123
86 126 180
86 91 72
87 101 285
87 113 268
87 122 687
88 124 510
88 89 194
88 93 307
88 94 241
88 99 297
89 93 127
89 94 66
9 109 552
9 114 170
9 17 781
9 58 245
9 83 383
9 98 473
90 91 69
90 99 70
91 111 123
91 99 135
92 110 233
92 128 149
93 94 140
94 122 699
94 124 595
95 96 281
96 113 452
97 115 277
97 122 200
98 114 327
98 120 202
