-8065 4110
-9739 4288
-12051 4660
-7180 4227
-8977 4363
-8025 3610
-9715 4988
-7816 3919
-7792 3424
-7555 3975
-10362 4815
-7700 4125
-8228 3768
-9849 3390
-9734 3769
-8072 4007
-8005 2672
-12032 4742
-12239 4142
-8235 3122
-8964 4496
-8783 4236
-9711 4490
-7592 4398
-9234 4250
-7305 4155
-7703 3889
-7914 4185
-11833 4607
-9714 3155
-8753 3868
-9701 2881
-9088 3235
-12312 4927
-9801 4692
-8328 3083
-7523 4311
-7973 3990
-9530 3235
-11447 4256
-8757 3321
-8871 3426
-9591 3616
-11097 3222
-10451 3717
-7477 4023
-8563 4476
-7938 4365
-9567 3905
-8354 4165
-9405 3343
-8741 3947
-8245 2795
-8428 3045
-12243 4724
-7615 4305
-8234 3260
-8035 3392
-7519 4099
-12129 3796
-8957 4452
-8062 4036
-10322 4062
-7907 3815
-8381 3992
-9329 3722
-7259 4210
-8965 3980
-11741 4767
-8625 4168
-9673 4354
-9639 4249
-9375 3251
-9661 3364
-10696 4480
-9668 3523
-8702 3242
-9323 3871
-12233 4760
-7567 4141
-10366 4187
-7395 4282
-8109 3208
-8435 4649
-8253 2734
-12272 3844
-10595 3568
-11970 3442
-11787 3376
-12188 3734
-12242 3778
-8271 4145
-11715 3271
-11731 3411
-9850 2942
-10044 3146
-11188 4076
-7560 3837
-12165 3667
-9761 3884
-10600 3853
-12303 4494
-9310 4495
-9019 3862
-9484 3977
-8648 4210
-7202 4442
-9417 4557
-8132 2989
-8394 4343
-12149 3859
-7297 4361
-10453 3340
-7780 3594
-10923 4159
-8910 4227
-7761 4316
-9246 4402
-7994 3727
-7745 3754
-8489 3983
-11209 3877
-8942 4564
-11981 3952
-10465 5042
-12224 4018
-7593 4033
-8124 4116
