x1    y1    x2    y2
195.70163907358906, 85.21181247725251, 196.90163907358905, 85.0118124772525
195.70163907358906, 85.71181247725251, 196.20163907358906, 87.71181247725251
962.6604632241583, 168.69734726289144, 963.8604632241584, 168.49734726289145
962.6604632241583, 169.19734726289144, 963.1604632241583, 171.19734726289144
833.6174096328962, 293.109956784447, 834.8174096328962, 292.909956784447
833.6174096328962, 293.609956784447, 834.1174096328962, 295.609956784447
959.014353315431, 709.2488465892948, 960.214353315431, 709.0488465892947
959.014353315431, 709.7488465892948, 959.514353315431, 711.7488465892948
298.70126359980367, 841.7426467100138, 299.90126359980366, 841.5426467100137
298.70126359980367, 842.2426467100138, 299.20126359980367, 844.2426467100138
780.4027685946367, 91.36106674615141, 781.6027685946367, 91.1610667461514
780.4027685946367, 91.86106674615141, 780.9027685946367, 93.86106674615141
919.6850658369332, 880.1286535236376, 920.8850658369332, 879.9286535236375
919.6850658369332, 880.6286535236376, 920.1850658369332, 882.6286535236376
736.7519583141403, 471.35139460366815, 737.9519583141404, 471.15139460366817
736.7519583141403, 471.85139460366815, 737.2519583141403, 473.85139460366815
926.7538476795411, 484.5154305478783, 927.9538476795411, 484.3154305478783
926.7538476795411, 485.0154305478783, 927.2538476795411, 487.0154305478783
549.7863018227766, 44.220979861304244, 550.9863018227767, 44.02097986130424
549.7863018227766, 44.720979861304244, 550.2863018227766, 46.720979861304244
904.7436808267719, 931.0457551507271, 905.9436808267719, 930.8457551507271
904.7436808267719, 931.5457551507271, 905.2436808267719, 933.5457551507271
768.9790394521469, 398.6444478895605, 770.179039452147, 398.44444788956054
768.9790394521469, 399.1444478895605, 769.4790394521469, 401.1444478895605
403.2101557745843, 804.3188615605042, 404.41015577458427, 804.1188615605041
403.2101557745843, 804.8188615605042, 403.7101557745843, 806.8188615605042
310.86799783706755, 790.415551043776, 312.06799783706754, 790.2155510437759
310.86799783706755, 790.915551043776, 311.36799783706755, 792.915551043776
765.5091909099457, 527.4739851173534, 766.7091909099457, 527.2739851173534
765.5091909099457, 527.9739851173534, 766.0091909099457, 529.9739851173534
503.6049330353799, 2.837213560708207, 504.80493303537986, 2.637213560708207
503.6049330353799, 3.337213560708207, 504.1049330353799, 5.337213560708207
713.2203583608048, 777.1666459010903, 714.4203583608048, 776.9666459010903
713.2203583608048, 777.6666459010903, 713.7203583608048, 779.6666459010903
99.12710035187754, 156.26553082680505, 100.32710035187755, 156.06553082680506
99.12710035187754, 156.76553082680505, 99.62710035187754, 158.76553082680505
486.6062602532676, 269.2872036526097, 487.80626025326757, 269.08720365260973
486.6062602532676, 269.7872036526097, 487.1062602532676, 271.7872036526097
550.6449833904752, 67.413080671192, 551.8449833904752, 67.213080671192
550.6449833904752, 67.913080671192, 551.1449833904752, 69.913080671192
873.9812762352285, 611.3829324250711, 875.1812762352286, 611.182932425071
873.9812762352285, 611.8829324250711, 874.4812762352285, 613.8829324250711
543.2506436404558, 545.2457619784644, 544.4506436404558, 545.0457619784644
543.2506436404558, 545.7457619784644, 543.7506436404558, 547.7457619784644
843.6534691542122, 119.14175569275353, 844.8534691542122, 118.94175569275353
843.6534691542122, 119.64175569275353, 844.1534691542122, 121.64175569275353
508.5923735143811, 570.3422698316778, 509.7923735143811, 570.1422698316777
508.5923735143811, 570.8422698316778, 509.0923735143811, 572.8422698316778
767.6145391260095, 808.0520050976791, 768.8145391260095, 807.852005097679
767.6145391260095, 808.5520050976791, 768.1145391260095, 810.5520050976791
484.51180188951525, 708.0309244542124, 485.71180188951524, 707.8309244542123
484.51180188951525, 708.5309244542124, 485.01180188951525, 710.5309244542124
878.1721136685381, 271.1793995144981, 879.3721136685382, 270.9793995144981
878.1721136685381, 271.6793995144981, 878.6721136685381, 273.6793995144981
290.16116191553886, 980.6121502054186, 291.36116191553884, 980.4121502054186
290.16116191553886, 981.1121502054186, 290.66116191553886, 983.1121502054186
117.86861289012663, 681.4271718988273, 119.06861289012663, 681.2271718988272
117.86861289012663, 681.9271718988273, 118.36861289012663, 683.9271718988273
576.4471847284633, 54.72108562930511, 577.6471847284633, 54.521085629305105
576.4471847284633, 55.22108562930511, 576.9471847284633, 57.22108562930511
590.2141551464306, 332.15659119962595, 591.4141551464306, 331.95659119962596
590.2141551464306, 332.65659119962595, 590.7141551464306, 334.65659119962595
635.420611121556, 314.1527074308329, 636.6206111215561, 313.9527074308329
635.420611121556, 314.6527074308329, 635.920611121556, 316.6527074308329
228.8119871789108, 425.22571843744794, 230.0119871789108, 425.02571843744795
228.8119871789108, 425.72571843744794, 229.3119871789108, 427.72571843744794
151.68622359275085, 255.13534052756327, 152.88622359275084, 254.93534052756328
151.68622359275085, 255.63534052756327, 152.18622359275085, 257.63534052756324
878.8941358395389, 353.9079832060237, 880.0941358395389, 353.7079832060237
878.8941358395389, 354.4079832060237, 879.3941358395389, 356.4079832060237
555.8491643902178, 928.5639330607373, 557.0491643902178, 928.3639330607373
555.8491643902178, 929.0639330607373, 556.3491643902178, 931.0639330607373
331.23158024182067, 911.9337418924248, 332.43158024182065, 911.7337418924247
331.23158024182067, 912.4337418924248, 331.73158024182067, 914.4337418924248
992.5458169210339, 448.20343574199126, 993.7458169210339, 448.00343574199127
992.5458169210339, 448.70343574199126, 993.0458169210339, 450.70343574199126
628.8976587298753, 834.4705724027043, 630.0976587298753, 834.2705724027043
628.8976587298753, 834.9705724027043, 629.3976587298753, 836.9705724027043
350.45692497912484, 603.2211638880149, 351.6569249791248, 603.0211638880148
350.45692497912484, 603.7211638880149, 350.95692497912484, 605.7211638880149
941.7754510501954, 633.4949590639643, 942.9754510501955, 633.2949590639643
941.7754510501954, 633.9949590639643, 942.2754510501954, 635.9949590639643
130.98193490669829, 138.08020618524887, 132.18193490669827, 137.88020618524888
130.98193490669829, 138.58020618524887, 131.48193490669829, 140.58020618524887
35.25689568284906, 637.9729427625268, 36.456895682849066, 637.7729427625268
35.25689568284906, 638.4729427625268, 35.75689568284906, 640.4729427625268
319.71235354894503, 163.73460179999978, 320.912353548945, 163.5346017999998
319.71235354894503, 164.23460179999978, 320.21235354894503, 166.23460179999978
928.6566322760972, 827.4320798821637, 929.8566322760972, 827.2320798821637
928.6566322760972, 827.9320798821637, 929.1566322760972, 829.9320798821637
607.7537060141219, 902.0006828061105, 608.953706014122, 901.8006828061104
607.7537060141219, 902.5006828061105, 608.2537060141219, 904.5006828061105
842.1936424389194, 481.9360950116408, 843.3936424389194, 481.7360950116408
842.1936424389194, 482.4360950116408, 842.6936424389194, 484.4360950116408
509.0511411234462, 61.61711805006031, 510.2511411234462, 61.41711805006031
509.0511411234462, 62.11711805006031, 509.5511411234462, 64.11711805006031
908.3464243532475, 166.4569112800388, 909.5464243532475, 166.25691128003882
908.3464243532475, 166.9569112800388, 908.8464243532475, 168.9569112800388
238.38067249632743, 197.84580056243263, 239.58067249632742, 197.64580056243264
238.38067249632743, 198.34580056243263, 238.88067249632743, 200.34580056243263
547.2128557267458, 436.4039055895135, 548.4128557267459, 436.2039055895135
547.2128557267458, 436.9039055895135, 547.7128557267458, 438.9039055895135
763.0297873038397, 781.0907060508976, 764.2297873038398, 780.8907060508975
763.0297873038397, 781.5907060508976, 763.5297873038397, 783.5907060508976
378.08241337020564, 784.1928431190843, 379.28241337020563, 783.9928431190842
378.08241337020564, 784.6928431190843, 378.58241337020564, 786.6928431190843
644.7447790446658, 233.9315035545979, 645.9447790446659, 233.7315035545979
644.7447790446658, 234.4315035545979, 645.2447790446658, 236.4315035545979
552.6304845857144, 380.3139722252452, 553.8304845857144, 380.1139722252452
552.6304845857144, 380.8139722252452, 553.1304845857144, 382.8139722252452
775.8592835297447, 298.1638607866439, 777.0592835297448, 297.9638607866439
775.8592835297447, 298.6638607866439, 776.3592835297447, 300.6638607866439
63.59703936123084, 104.27535186428227, 64.79703936123084, 104.07535186428227
63.59703936123084, 104.77535186428227, 64.09703936123084, 106.77535186428227
801.880536966045, 556.7478388316929, 803.0805369660451, 556.5478388316928
801.880536966045, 557.2478388316929, 802.380536966045, 559.2478388316929
923.2962589524237, 126.0208688589538, 924.4962589524238, 125.8208688589538
923.2962589524237, 126.5208688589538, 923.7962589524237, 128.5208688589538
568.1944545653398, 229.00388108787294, 569.3944545653399, 228.80388108787295
568.1944545653398, 229.50388108787294, 568.6944545653398, 231.50388108787294
799.6384093703574, 310.3306616455218, 800.8384093703575, 310.1306616455218
799.6384093703574, 310.8306616455218, 800.1384093703574, 312.8306616455218
461.2819829226174, 24.01962824462678, 462.48198292261736, 23.81962824462678
461.2819829226174, 24.51962824462678, 461.7819829226174, 26.51962824462678
414.87379888135234, 254.9558727033845, 416.07379888135233, 254.7558727033845
414.87379888135234, 255.4558727033845, 415.37379888135234, 257.4558727033845
56.42306476736436, 108.94041674986998, 57.62306476736436, 108.74041674986998
56.42306476736436, 109.44041674986998, 56.92306476736436, 111.44041674986998
196.46229801317193, 144.23797839193008, 197.66229801317192, 144.0379783919301
196.46229801317193, 144.73797839193008, 196.96229801317193, 146.73797839193008
681.2365843830881, 385.60064740963753, 682.4365843830882, 385.40064740963754
681.2365843830881, 386.10064740963753, 681.7365843830881, 388.10064740963753
912.1660219633695, 998.7235659928663, 913.3660219633696, 998.5235659928662
912.1660219633695, 999.2235659928663, 912.6660219633695, 1001.2235659928663
569.6257764605572, 585.8204281080745, 570.8257764605572, 585.6204281080744
569.6257764605572, 586.3204281080745, 570.1257764605572, 588.3204281080745
471.80012298629146, 235.1241042204447, 473.00012298629144, 234.92410422044472
471.80012298629146, 235.6241042204447, 472.30012298629146, 237.6241042204447
540.0642295684506, 482.41447237954935, 541.2642295684507, 482.21447237954936
540.0642295684506, 482.91447237954935, 540.5642295684506, 484.91447237954935
503.8718910624589, 122.1719661934515, 505.07189106245886, 121.9719661934515
503.8718910624589, 122.6719661934515, 504.3718910624589, 124.6719661934515
745.2061495489814, 561.4573487131029, 746.4061495489815, 561.2573487131028
745.2061495489814, 561.9573487131029, 745.7061495489814, 563.9573487131029
882.7413696825355, 289.34303175513753, 883.9413696825355, 289.14303175513754
882.7413696825355, 289.84303175513753, 883.2413696825355, 291.84303175513753
528.8828422751726, 22.610492749174483, 530.0828422751727, 22.410492749174484
528.8828422751726, 23.110492749174483, 529.3828422751726, 25.110492749174483
488.53325119322466, 820.4980250995716, 489.73325119322465, 820.2980250995715
488.53325119322466, 820.9980250995716, 489.03325119322466, 822.9980250995716
198.23728396712804, 491.4648775569569, 199.43728396712802, 491.2648775569569
198.23728396712804, 491.9648775569569, 198.73728396712804, 493.9648775569569
233.7387012842812, 313.14177279271047, 234.9387012842812, 312.9417727927105
233.7387012842812, 313.64177279271047, 234.2387012842812, 315.64177279271047
598.0368305646965, 688.2441100447572, 599.2368305646966, 688.0441100447572
598.0368305646965, 688.7441100447572, 598.5368305646965, 690.7441100447572
228.21286401697606, 47.651074535549064, 229.41286401697604, 47.45107453554906
228.21286401697606, 48.151074535549064, 228.71286401697606, 50.151074535549064
638.8826772027116, 576.6215526930312, 640.0826772027117, 576.4215526930311
638.8826772027116, 577.1215526930312, 639.3826772027116, 579.1215526930312
210.93735374362964, 780.7693107769135, 212.13735374362963, 780.5693107769134
210.93735374362964, 781.2693107769135, 211.43735374362964, 783.2693107769135
499.9616465732243, 667.6725707583062, 501.1616465732243, 667.4725707583061
499.9616465732243, 668.1725707583062, 500.4616465732243, 670.1725707583062
414.4256528791064, 612.7502098179192, 415.6256528791064, 612.5502098179192
414.4256528791064, 613.2502098179192, 414.9256528791064, 615.2502098179192
989.5352287815392, 750.8814766970527, 990.7352287815393, 750.6814766970526
989.5352287815392, 751.3814766970527, 990.0352287815392, 753.3814766970527
936.686486499538, 778.6632539692313, 937.886486499538, 778.4632539692312
936.686486499538, 779.1632539692313, 937.186486499538, 781.1632539692313
407.61169134428974, 688.0732631619453, 408.8116913442897, 687.8732631619453
407.61169134428974, 688.5732631619453, 408.11169134428974, 690.5732631619453
392.9752028233896, 755.117429339402, 394.1752028233896, 754.9174293394019
392.9752028233896, 755.617429339402, 393.4752028233896, 757.617429339402
571.7573736640611, 744.9472916708798, 572.9573736640612, 744.7472916708798
571.7573736640611, 745.4472916708798, 572.2573736640611, 747.4472916708798
212.9613514553703, 783.6273090430246, 214.1613514553703, 783.4273090430246
212.9613514553703, 784.1273090430246, 213.4613514553703, 786.1273090430246
199.38593351461776, 7.096914535731469, 200.58593351461775, 6.896914535731469
199.38593351461776, 7.596914535731469, 199.88593351461776, 9.596914535731468
740.031205457565, 786.1013740827769, 741.231205457565, 785.9013740827769
740.031205457565, 786.6013740827769, 740.531205457565, 788.6013740827769
736.9792255923745, 417.9435045201985, 738.1792255923746, 417.7435045201985
736.9792255923745, 418.4435045201985, 737.4792255923745, 420.4435045201985
366.9050069164695, 44.700914386676224, 368.1050069164695, 44.50091438667622
366.9050069164695, 45.200914386676224, 367.4050069164695, 47.200914386676224
527.783420536947, 297.1510903040838, 528.983420536947, 296.95109030408383
527.783420536947, 297.6510903040838, 528.283420536947, 299.6510903040838
115.7039721370814, 96.25775950579119, 116.9039721370814, 96.05775950579118
115.7039721370814, 96.75775950579119, 116.2039721370814, 98.75775950579119
22.91194208118752, 149.0178248296713, 24.111942081187518, 148.8178248296713
22.91194208118752, 149.5178248296713, 23.41194208118752, 151.5178248296713
942.89145983811, 846.0554538079823, 944.09145983811, 845.8554538079823
942.89145983811, 846.5554538079823, 943.39145983811, 848.5554538079823
942.8347556002545, 653.4557945491352, 944.0347556002546, 653.2557945491352
942.8347556002545, 653.9557945491352, 943.3347556002545, 655.9557945491352
96.67910672153424, 770.9568269412407, 97.87910672153424, 770.7568269412407
96.67910672153424, 771.4568269412407, 97.17910672153424, 773.4568269412407
547.6384357978667, 190.1635702084281, 548.8384357978667, 189.9635702084281
547.6384357978667, 190.6635702084281, 548.1384357978667, 192.6635702084281
162.92288973542247, 435.09435708321854, 164.12288973542246, 434.89435708321855
162.92288973542247, 435.59435708321854, 163.42288973542247, 437.59435708321854
441.2318807786082, 40.61549136917175, 442.43188077860816, 40.41549136917175
441.2318807786082, 41.11549136917175, 441.7318807786082, 43.11549136917175
673.5652347523932, 601.5259730569452, 674.7652347523932, 601.3259730569451
673.5652347523932, 602.0259730569452, 674.0652347523932, 604.0259730569452
568.5170462716521, 724.0162121330717, 569.7170462716522, 723.8162121330716
568.5170462716521, 724.5162121330717, 569.0170462716521, 726.5162121330717
343.9074904591236, 799.9655352618581, 345.1074904591236, 799.7655352618581
343.9074904591236, 800.4655352618581, 344.4074904591236, 802.4655352618581
965.388789235058, 190.58020618081883, 966.588789235058, 190.38020618081885
965.388789235058, 191.08020618081883, 965.888789235058, 193.08020618081883
703.521021752897, 830.7965608572058, 704.7210217528971, 830.5965608572058
703.521021752897, 831.2965608572058, 704.021021752897, 833.2965608572058
194.87799605630596, 876.37612435323, 196.07799605630595, 876.17612435323
194.87799605630596, 876.87612435323, 195.37799605630596, 878.87612435323
567.2930606043718, 442.66711967815763, 568.4930606043719, 442.46711967815764
567.2930606043718, 443.16711967815763, 567.7930606043718, 445.16711967815763
58.725545273057065, 183.85386903570412, 59.92554527305707, 183.65386903570413
58.725545273057065, 184.35386903570412, 59.225545273057065, 186.35386903570412
856.0971186503979, 340.7473007007715, 857.2971186503979, 340.54730070077153
856.0971186503979, 341.2473007007715, 856.5971186503979, 343.2473007007715
61.348698006997935, 699.1188268448021, 62.54869800699794, 698.9188268448021
61.348698006997935, 699.6188268448021, 61.848698006997935, 701.6188268448021
195.14144884854667, 230.48569163183907, 196.34144884854666, 230.2856916318391
195.14144884854667, 230.98569163183907, 195.64144884854667, 232.98569163183907
722.3771227619835, 713.0416547564917, 723.5771227619836, 712.8416547564916
722.3771227619835, 713.5416547564917, 722.8771227619835, 715.5416547564917
536.1628554908732, 331.681902086716, 537.3628554908732, 331.481902086716
536.1628554908732, 332.181902086716, 536.6628554908732, 334.181902086716
544.7282270332645, 156.19950143862528, 545.9282270332645, 155.9995014386253
544.7282270332645, 156.69950143862528, 545.2282270332645, 158.69950143862528
567.2388325373655, 201.78262803151347, 568.4388325373656, 201.58262803151348
567.2388325373655, 202.28262803151347, 567.7388325373655, 204.28262803151347
577.8538979941002, 272.36528062815955, 579.0538979941002, 272.16528062815956
577.8538979941002, 272.86528062815955, 578.3538979941002, 274.86528062815955
716.0294028198651, 531.3365041242897, 717.2294028198652, 531.1365041242897
716.0294028198651, 531.8365041242897, 716.5294028198651, 533.8365041242897
927.9738198344463, 223.03836447890745, 929.1738198344464, 222.83836447890747
927.9738198344463, 223.53836447890745, 928.4738198344463, 225.53836447890745
340.7311090768913, 333.08728358366636, 341.9311090768913, 332.8872835836664
340.7311090768913, 333.58728358366636, 341.2311090768913, 335.58728358366636
28.981093887405997, 369.59712148802214, 30.181093887405996, 369.39712148802215
28.981093887405997, 370.09712148802214, 29.481093887405997, 372.09712148802214
356.01619465194756, 678.6077236534458, 357.21619465194755, 678.4077236534457
356.01619465194756, 679.1077236534458, 356.51619465194756, 681.1077236534458
749.0442440440926, 766.1351715239866, 750.2442440440926, 765.9351715239866
749.0442440440926, 766.6351715239866, 749.5442440440926, 768.6351715239866
8.52435778709304, 405.8730504089327, 9.724357787093039, 405.67305040893274
8.52435778709304, 406.3730504089327, 9.02435778709304, 408.3730504089327
616.6287207529219, 415.39097069946416, 617.828720752922, 415.1909706994642
616.6287207529219, 415.89097069946416, 617.1287207529219, 417.89097069946416
422.53034215758566, 117.38943618883657, 423.73034215758565, 117.18943618883657
422.53034215758566, 117.88943618883657, 423.03034215758566, 119.88943618883657
35.137747917886706, 435.13970429819784, 36.33774791788671, 434.93970429819785
35.137747917886706, 435.63970429819784, 35.637747917886706, 437.63970429819784
317.35233221464756, 948.0710789099902, 318.55233221464755, 947.8710789099902
317.35233221464756, 948.5710789099902, 317.85233221464756, 950.5710789099902
193.26280100467986, 264.84718134099637, 194.46280100467985, 264.6471813409964
193.26280100467986, 265.34718134099637, 193.76280100467986, 267.34718134099637
991.5000424803314, 731.3952866999477, 992.7000424803315, 731.1952866999477
991.5000424803314, 731.8952866999477, 992.0000424803314, 733.8952866999477
739.1572973168704, 240.95795151232525, 740.3572973168705, 240.75795151232526
739.1572973168704, 241.45795151232525, 739.6572973168704, 243.45795151232525
534.8893302553647, 551.5545366340835, 536.0893302553648, 551.3545366340835
534.8893302553647, 552.0545366340835, 535.3893302553647, 554.0545366340835
206.2086484453225, 756.8478197504231, 207.40864844532248, 756.6478197504231
206.2086484453225, 757.3478197504231, 206.7086484453225, 759.3478197504231
73.7767133318995, 460.62933541875964, 74.9767133318995, 460.42933541875965
73.7767133318995, 461.12933541875964, 74.2767133318995, 463.12933541875964
319.6566024048723, 64.03333513963871, 320.85660240487226, 63.833335139638706
319.6566024048723, 64.53333513963871, 320.1566024048723, 66.53333513963871
524.3191118111463, 173.9786295335871, 525.5191118111463, 173.77862953358712
524.3191118111463, 174.4786295335871, 524.8191118111463, 176.4786295335871
740.2399426395916, 107.99125030663149, 741.4399426395917, 107.79125030663148
740.2399426395916, 108.49125030663149, 740.7399426395916, 110.49125030663149
685.3157119786803, 404.55201451070553, 686.5157119786803, 404.35201451070554
685.3157119786803, 405.05201451070553, 685.8157119786803, 407.05201451070553
285.0666986312942, 502.4388625316795, 286.26669863129416, 502.2388625316795
285.0666986312942, 502.9388625316795, 285.5666986312942, 504.9388625316795
640.5728632595855, 945.0134747686684, 641.7728632595855, 944.8134747686684
640.5728632595855, 945.5134747686684, 641.0728632595855, 947.5134747686684
490.7362444873574, 979.4189903308794, 491.9362444873574, 979.2189903308794
490.7362444873574, 979.9189903308794, 491.2362444873574, 981.9189903308794
322.9474998704901, 584.21793519679, 324.1474998704901, 584.01793519679
322.9474998704901, 584.71793519679, 323.4474998704901, 586.71793519679
470.138384594926, 745.4586770542082, 471.33838459492597, 745.2586770542082
470.138384594926, 745.9586770542082, 470.638384594926, 747.9586770542082
303.5904588981205, 218.6446994567932, 304.7904588981205, 218.44469945679322
303.5904588981205, 219.1446994567932, 304.0904588981205, 221.1446994567932
24.849189203122847, 592.7084375010851, 26.049189203122847, 592.508437501085
24.849189203122847, 593.2084375010851, 25.349189203122847, 595.2084375010851
195.97381152280502, 356.72602629396033, 197.173811522805, 356.52602629396034
195.97381152280502, 357.22602629396033, 196.47381152280502, 359.22602629396033
724.3458036200253, 83.63777368257908, 725.5458036200254, 83.43777368257908
724.3458036200253, 84.13777368257908, 724.8458036200253, 86.13777368257908
141.70757891800102, 569.4577962888982, 142.907578918001, 569.2577962888981
141.70757891800102, 569.9577962888982, 142.20757891800102, 571.9577962888982
370.8825545866874, 146.77454229337783, 372.08255458668737, 146.57454229337785
370.8825545866874, 147.27454229337783, 371.3825545866874, 149.27454229337783
152.11424837055876, 779.7830478337539, 153.31424837055874, 779.5830478337539
152.11424837055876, 780.2830478337539, 152.61424837055876, 782.2830478337539
498.3275232383213, 707.9870388324571, 499.5275232383213, 707.787038832457
498.3275232383213, 708.4870388324571, 498.8275232383213, 710.4870388324571
402.5622741606443, 969.1390710978795, 403.76227416064427, 968.9390710978795
402.5622741606443, 969.6390710978795, 403.0622741606443, 971.6390710978795
680.4010483315459, 532.9873926611932, 681.6010483315459, 532.7873926611932
680.4010483315459, 533.4873926611932, 680.9010483315459, 535.4873926611932
728.007791697738, 138.97218557784086, 729.207791697738, 138.77218557784087
728.007791697738, 139.47218557784086, 728.507791697738, 141.47218557784086
315.40418836085007, 933.1760562274407, 316.60418836085006, 932.9760562274406
315.40418836085007, 933.6760562274407, 315.90418836085007, 935.6760562274407
108.27217254516708, 383.1304947787556, 109.47217254516708, 382.9304947787556
108.27217254516708, 383.6304947787556, 108.77217254516708, 385.6304947787556
105.78540218066357, 583.9043211275763, 106.98540218066357, 583.7043211275762
105.78540218066357, 584.4043211275763, 106.28540218066357, 586.4043211275763
747.9968145303184, 670.1206513507188, 749.1968145303184, 669.9206513507188
747.9968145303184, 670.6206513507188, 748.4968145303184, 672.6206513507188
470.43492952716826, 363.20107435226055, 471.63492952716825, 363.00107435226056
470.43492952716826, 363.70107435226055, 470.93492952716826, 365.70107435226055
397.55367798515016, 436.1505862683173, 398.75367798515015, 435.9505862683173
397.55367798515016, 436.6505862683173, 398.05367798515016, 438.6505862683173
173.711203253059, 82.07359724338659, 174.911203253059, 81.87359724338658
173.711203253059, 82.57359724338659, 174.211203253059, 84.57359724338659
79.70777174579847, 166.87029991810653, 80.90777174579847, 166.67029991810654
79.70777174579847, 167.37029991810653, 80.20777174579847, 169.37029991810653
670.3492927386951, 405.31721175151625, 671.5492927386952, 405.11721175151627
670.3492927386951, 405.81721175151625, 670.8492927386951, 407.81721175151625
924.1080827345082, 305.9430207478733, 925.3080827345083, 305.7430207478733
924.1080827345082, 306.4430207478733, 924.6080827345082, 308.4430207478733
132.0888574957143, 879.0359114048532, 133.2888574957143, 878.8359114048532
132.0888574957143, 879.5359114048532, 132.5888574957143, 881.5359114048532
942.1118068262813, 67.21130748960391, 943.3118068262813, 67.01130748960391
942.1118068262813, 67.71130748960391, 942.6118068262813, 69.71130748960391
542.8213414753002, 809.3031024700279, 544.0213414753002, 809.1031024700278
542.8213414753002, 809.8031024700279, 543.3213414753002, 811.8031024700279
920.8852453572727, 185.63548935757512, 922.0852453572727, 185.43548935757514
920.8852453572727, 186.13548935757512, 921.3852453572727, 188.13548935757512
835.1329074254961, 737.8965623762626, 836.3329074254962, 737.6965623762626
835.1329074254961, 738.3965623762626, 835.6329074254961, 740.3965623762626
130.40976681063765, 228.06317045841752, 131.60976681063764, 227.86317045841753
130.40976681063765, 228.56317045841752, 130.90976681063765, 230.56317045841752
212.11635232273184, 464.88139348206226, 213.31635232273183, 464.6813934820623
212.11635232273184, 465.38139348206226, 212.61635232273184, 467.38139348206226
19.961728694080307, 359.4923669634794, 21.161728694080306, 359.2923669634794
19.961728694080307, 359.9923669634794, 20.461728694080307, 361.9923669634794
876.0796315785349, 361.0321969805069, 877.2796315785349, 360.8321969805069
876.0796315785349, 361.5321969805069, 876.5796315785349, 363.5321969805069
87.7340483621808, 357.45354141615746, 88.9340483621808, 357.2535414161575
87.7340483621808, 357.95354141615746, 88.2340483621808, 359.95354141615746
125.63773624298224, 301.63488775106185, 126.83773624298225, 301.43488775106186
125.63773624298224, 302.13488775106185, 126.13773624298224, 304.13488775106185
443.4415517705499, 498.3565524191229, 444.6415517705499, 498.15655241912293
443.4415517705499, 498.8565524191229, 443.9415517705499, 500.8565524191229
977.9549982870269, 434.2193030698618, 979.154998287027, 434.0193030698618
977.9549982870269, 434.7193030698618, 978.4549982870269, 436.7193030698618
268.6534970290057, 693.2353398166654, 269.85349702900567, 693.0353398166653
268.6534970290057, 693.7353398166654, 269.1534970290057, 695.7353398166654
281.62194932182825, 371.5269456938411, 282.82194932182824, 371.32694569384114
281.62194932182825, 372.0269456938411, 282.12194932182825, 374.0269456938411
428.3923634281296, 790.3299416435586, 429.5923634281296, 790.1299416435586
428.3923634281296, 790.8299416435586, 428.8923634281296, 792.8299416435586
990.0291948875445, 531.9157135468007, 991.2291948875445, 531.7157135468007
990.0291948875445, 532.4157135468007, 990.5291948875445, 534.4157135468007
798.9878252174112, 210.06509454946442, 800.1878252174113, 209.86509454946443
798.9878252174112, 210.56509454946442, 799.4878252174112, 212.56509454946442
414.0610690020855, 930.7629306169531, 415.2610690020855, 930.562930616953
414.0610690020855, 931.2629306169531, 414.5610690020855, 933.2629306169531
171.69889947728612, 842.7843457148053, 172.8988994772861, 842.5843457148053
171.69889947728612, 843.2843457148053, 172.19889947728612, 845.2843457148053
528.7693429444519, 479.4275225301459, 529.9693429444519, 479.2275225301459
528.7693429444519, 479.9275225301459, 529.2693429444519, 481.9275225301459
569.5963477090302, 693.7599868828946, 570.7963477090302, 693.5599868828946
569.5963477090302, 694.2599868828946, 570.0963477090302, 696.2599868828946
429.34986711597423, 736.1552889723373, 430.5498671159742, 735.9552889723373
429.34986711597423, 736.6552889723373, 429.84986711597423, 738.6552889723373
697.3973906134106, 117.59687545834974, 698.5973906134107, 117.39687545834974
697.3973906134106, 118.09687545834974, 697.8973906134106, 120.09687545834974
144.17828506192598, 769.7377444080162, 145.37828506192596, 769.5377444080161
144.17828506192598, 770.2377444080162, 144.67828506192598, 772.2377444080162
407.4386815164156, 551.3512521923572, 408.6386815164156, 551.1512521923571
407.4386815164156, 551.8512521923572, 407.9386815164156, 553.8512521923572
459.23395079559106, 379.5276317443893, 460.43395079559104, 379.3276317443893
459.23395079559106, 380.0276317443893, 459.73395079559106, 382.0276317443893
809.9440689858149, 771.41365536662, 811.1440689858149, 771.21365536662
809.9440689858149, 771.91365536662, 810.4440689858149, 773.91365536662
580.5692253884462, 459.74017928059993, 581.7692253884462, 459.54017928059994
580.5692253884462, 460.24017928059993, 581.0692253884462, 462.24017928059993
868.2624426814397, 307.83063000757306, 869.4624426814397, 307.6306300075731
868.2624426814397, 308.33063000757306, 868.7624426814397, 310.33063000757306
49.51053914812997, 310.5127530121778, 50.710539148129975, 310.31275301217784
49.51053914812997, 311.0127530121778, 50.01053914812997, 313.0127530121778
50.99340921676942, 844.3484248852712, 52.193409216769425, 844.1484248852712
50.99340921676942, 844.8484248852712, 51.49340921676942, 846.8484248852712
556.8513344332342, 919.9826988535347, 558.0513344332343, 919.7826988535346
556.8513344332342, 920.4826988535347, 557.3513344332342, 922.4826988535347
312.9041314114607, 817.3086386276025, 314.1041314114607, 817.1086386276024
312.9041314114607, 817.8086386276025, 313.4041314114607, 819.8086386276025
740.679955335176, 669.6343259574636, 741.8799553351761, 669.4343259574636
740.679955335176, 670.1343259574636, 741.179955335176, 672.1343259574636
312.59460012531457, 66.44680728440811, 313.79460012531456, 66.2468072844081
312.59460012531457, 66.94680728440811, 313.09460012531457, 68.94680728440811
580.4397715696218, 580.889448141423, 581.6397715696219, 580.689448141423
580.4397715696218, 581.389448141423, 580.9397715696218, 583.389448141423
548.6769706935793, 381.9633133188298, 549.8769706935793, 381.76331331882983
548.6769706935793, 382.4633133188298, 549.1769706935793, 384.4633133188298
329.9634174881777, 36.944578179833655, 331.1634174881777, 36.74457817983365
329.9634174881777, 37.444578179833655, 330.4634174881777, 39.444578179833655
15.945641305207591, 904.4864450326105, 17.14564130520759, 904.2864450326105
15.945641305207591, 904.9864450326105, 16.44564130520759, 906.9864450326105
79.82377026261034, 996.8371852657328, 81.02377026261034, 996.6371852657328
79.82377026261034, 997.3371852657328, 80.32377026261034, 999.3371852657328
589.2146401107183, 616.5324362135046, 590.4146401107183, 616.3324362135046
589.2146401107183, 617.0324362135046, 589.7146401107183, 619.0324362135046
757.6366546106964, 6.745961152466062, 758.8366546106964, 6.545961152466062
757.6366546106964, 7.245961152466062, 758.1366546106964, 9.245961152466062
964.7055413960526, 961.1437784973409, 965.9055413960526, 960.9437784973409
964.7055413960526, 961.6437784973409, 965.2055413960526, 963.6437784973409
991.0561207835184, 91.70556954670262, 992.2561207835184, 91.50556954670262
991.0561207835184, 92.20556954670262, 991.5561207835184, 94.20556954670262
786.3309515207386, 617.3969120498289, 787.5309515207387, 617.1969120498288
786.3309515207386, 617.8969120498289, 786.8309515207386, 619.8969120498289
305.4859878391587, 900.7394630308216, 306.6859878391587, 900.5394630308216
305.4859878391587, 901.2394630308216, 305.9859878391587, 903.2394630308216
392.3867207408135, 530.1510498674157, 393.58672074081346, 529.9510498674157
392.3867207408135, 530.6510498674157, 392.8867207408135, 532.6510498674157
538.1642397209399, 724.0821739279723, 539.36423972094, 723.8821739279723
538.1642397209399, 724.5821739279723, 538.6642397209399, 726.5821739279723
29.821240290196727, 438.69768300947754, 31.021240290196726, 438.49768300947756
29.821240290196727, 439.19768300947754, 30.321240290196727, 441.19768300947754
92.984590292583, 478.6162636417549, 94.184590292583, 478.41626364175494
92.984590292583, 479.1162636417549, 93.484590292583, 481.1162636417549
382.4424943561413, 834.1535684047892, 383.6424943561413, 833.9535684047892
382.4424943561413, 834.6535684047892, 382.9424943561413, 836.6535684047892
670.4510944130234, 741.5583381822964, 671.6510944130234, 741.3583381822964
670.4510944130234, 742.0583381822964, 670.9510944130234, 744.0583381822964
458.9079157376267, 3.0974766183831104, 460.1079157376267, 2.89747661838311
458.9079157376267, 3.5974766183831104, 459.4079157376267, 5.59747661838311
213.08834700064162, 632.0090876723133, 214.2883470006416, 631.8090876723132
213.08834700064162, 632.5090876723133, 213.58834700064162, 634.5090876723133
760.2504725418453, 812.7192331574653, 761.4504725418453, 812.5192331574652
760.2504725418453, 813.2192331574653, 760.7504725418453, 815.2192331574653
217.5938918813237, 234.52019258974977, 218.7938918813237, 234.32019258974978
217.5938918813237, 235.02019258974977, 218.0938918813237, 237.02019258974977
639.3926858514629, 277.82325558262744, 640.592685851463, 277.62325558262745
639.3926858514629, 278.32325558262744, 639.8926858514629, 280.32325558262744
126.58796267874739, 216.0671552486163, 127.78796267874739, 215.8671552486163
126.58796267874739, 216.5671552486163, 127.08796267874739, 218.5671552486163
827.2686530042364, 306.8257601347484, 828.4686530042364, 306.6257601347484
827.2686530042364, 307.3257601347484, 827.7686530042364, 309.3257601347484
497.2617860427452, 285.01712865453567, 498.4617860427452, 284.8171286545357
497.2617860427452, 285.51712865453567, 497.7617860427452, 287.51712865453567
201.3234945190231, 313.18375790509356, 202.52349451902307, 312.98375790509357
201.3234945190231, 313.68375790509356, 201.8234945190231, 315.68375790509356
354.639462228149, 955.4427278280932, 355.839462228149, 955.2427278280932
354.639462228149, 955.9427278280932, 355.139462228149, 957.9427278280932
795.839635199691, 792.4821188897507, 797.039635199691, 792.2821188897507
795.839635199691, 792.9821188897507, 796.339635199691, 794.9821188897507
979.6243714902969, 403.5634923089463, 980.8243714902969, 403.3634923089463
979.6243714902969, 404.0634923089463, 980.1243714902969, 406.0634923089463
644.9593917783056, 742.9083874898273, 646.1593917783057, 742.7083874898273
644.9593917783056, 743.4083874898273, 645.4593917783056, 745.4083874898273
163.68316401382566, 85.3532052278967, 164.88316401382565, 85.15320522789669
163.68316401382566, 85.8532052278967, 164.18316401382566, 87.8532052278967
529.9043265386804, 926.0830113998536, 531.1043265386804, 925.8830113998536
529.9043265386804, 926.5830113998536, 530.4043265386804, 928.5830113998536
33.62246209623021, 22.046325873766094, 34.82246209623021, 21.846325873766094
33.62246209623021, 22.546325873766094, 34.12246209623021, 24.546325873766094
70.65356591510808, 486.382402659686, 71.85356591510808, 486.18240265968603
70.65356591510808, 486.882402659686, 71.15356591510808, 488.882402659686
925.6572611296199, 150.29641970357588, 926.8572611296199, 150.0964197035759
925.6572611296199, 150.79641970357588, 926.1572611296199, 152.79641970357588
437.46207030498397, 88.32326689625391, 438.66207030498396, 88.12326689625391
437.46207030498397, 88.82326689625391, 437.96207030498397, 90.82326689625391
957.6651848922755, 325.10547056295445, 958.8651848922756, 324.90547056295446
957.6651848922755, 325.60547056295445, 958.1651848922755, 327.60547056295445
974.9817933549608, 618.98582424202, 976.1817933549609, 618.78582424202
974.9817933549608, 619.48582424202, 975.4817933549608, 621.48582424202
178.63111272244925, 374.8484255820067, 179.83111272244923, 374.6484255820067
178.63111272244925, 375.3484255820067, 179.13111272244925, 377.3484255820067
875.7794221308353, 399.0310889427755, 876.9794221308354, 398.8310889427755
875.7794221308353, 399.5310889427755, 876.2794221308353, 401.5310889427755
925.8046129986072, 223.21328097807236, 927.0046129986073, 223.01328097807237
925.8046129986072, 223.71328097807236, 926.3046129986072, 225.71328097807236
617.3632542083113, 933.0659733762177, 618.5632542083114, 932.8659733762177
617.3632542083113, 933.5659733762177, 617.8632542083113, 935.5659733762177
85.32380661017713, 94.23797850035088, 86.52380661017713, 94.03797850035087
85.32380661017713, 94.73797850035088, 85.82380661017713, 96.73797850035088
488.4568607583749, 490.99164970948317, 489.6568607583749, 490.7916497094832
488.4568607583749, 491.49164970948317, 488.9568607583749, 493.49164970948317
96.79140010000641, 775.1859588862211, 97.99140010000642, 774.985958886221
96.79140010000641, 775.6859588862211, 97.29140010000641, 777.6859588862211
911.9161175260984, 96.94736708051377, 913.1161175260985, 96.74736708051377
911.9161175260984, 97.44736708051377, 912.4161175260984, 99.44736708051377
194.39236707565544, 588.937001873809, 195.59236707565543, 588.7370018738089
194.39236707565544, 589.437001873809, 194.89236707565544, 591.437001873809
975.959100125092, 845.1351236661201, 977.1591001250921, 844.93512366612
975.959100125092, 845.6351236661201, 976.459100125092, 847.6351236661201
929.7848136974326, 595.7598783263431, 930.9848136974326, 595.5598783263431
929.7848136974326, 596.2598783263431, 930.2848136974326, 598.2598783263431
162.97967582590067, 178.9484095611328, 164.17967582590066, 178.7484095611328
162.97967582590067, 179.4484095611328, 163.47967582590067, 181.4484095611328
793.5998452447479, 653.5332650349029, 794.799845244748, 653.3332650349029
793.5998452447479, 654.0332650349029, 794.0998452447479, 656.0332650349029
859.0776785420028, 714.3392586833604, 860.2776785420028, 714.1392586833604
859.0776785420028, 714.8392586833604, 859.5776785420028, 716.8392586833604
591.2264597240619, 459.4356312058104, 592.4264597240619, 459.2356312058104
591.2264597240619, 459.9356312058104, 591.7264597240619, 461.9356312058104
704.4408938235599, 477.13768523169585, 705.64089382356, 476.93768523169587
704.4408938235599, 477.63768523169585, 704.9408938235599, 479.63768523169585
624.0496197500522, 215.8578550786038, 625.2496197500523, 215.6578550786038
624.0496197500522, 216.3578550786038, 624.5496197500522, 218.3578550786038
295.331721134806, 12.748852981712133, 296.531721134806, 12.548852981712134
295.331721134806, 13.248852981712133, 295.831721134806, 15.248852981712133
372.46983201809667, 853.2075993663386, 373.66983201809666, 853.0075993663386
372.46983201809667, 853.7075993663386, 372.96983201809667, 855.7075993663386
227.782417602877, 43.86978244026607, 228.98241760287698, 43.66978244026607
227.782417602877, 44.36978244026607, 228.282417602877, 46.36978244026607
586.3959347458638, 356.92741275548445, 587.5959347458638, 356.72741275548447
586.3959347458638, 357.42741275548445, 586.8959347458638, 359.42741275548445
812.2641073372444, 321.4990550925744, 813.4641073372444, 321.2990550925744
812.2641073372444, 321.9990550925744, 812.7641073372444, 323.9990550925744
386.5695209761886, 416.0047247511257, 387.7695209761886, 415.8047247511257
386.5695209761886, 416.5047247511257, 387.0695209761886, 418.5047247511257
524.0618947030096, 797.2410185334173, 525.2618947030096, 797.0410185334173
524.0618947030096, 797.7410185334173, 524.5618947030096, 799.7410185334173
497.0775001423251, 384.6364024497496, 498.2775001423251, 384.4364024497496
497.0775001423251, 385.1364024497496, 497.5775001423251, 387.1364024497496
579.7248992271575, 955.4967553614598, 580.9248992271575, 955.2967553614598
579.7248992271575, 955.9967553614598, 580.2248992271575, 957.9967553614598
682.1917993557315, 522.568948351423, 683.3917993557316, 522.368948351423
682.1917993557315, 523.068948351423, 682.6917993557315, 525.068948351423
642.9760443789123, 80.63076240214362, 644.1760443789124, 80.43076240214361
642.9760443789123, 81.13076240214362, 643.4760443789123, 83.13076240214362
199.89558420439357, 72.68772936150303, 201.09558420439356, 72.48772936150303
199.89558420439357, 73.18772936150303, 200.39558420439357, 75.18772936150303
36.80395996335661, 537.196662688847, 38.003959963356614, 536.996662688847
36.80395996335661, 537.696662688847, 37.30395996335661, 539.696662688847
279.01459114402206, 6.091447330620725, 280.21459114402205, 5.891447330620725
279.01459114402206, 6.591447330620725, 279.51459114402206, 8.591447330620724
915.4595324812781, 414.4039697833153, 916.6595324812781, 414.2039697833153
915.4595324812781, 414.9039697833153, 915.9595324812781, 416.9039697833153
654.1790413130773, 75.35648107993399, 655.3790413130773, 75.15648107993398
654.1790413130773, 75.85648107993399, 654.6790413130773, 77.85648107993399
682.0838185169195, 678.2338650188431, 683.2838185169195, 678.033865018843
682.0838185169195, 678.7338650188431, 682.5838185169195, 680.7338650188431
366.07679885955866, 806.8156697451861, 367.27679885955865, 806.6156697451861
366.07679885955866, 807.3156697451861, 366.57679885955866, 809.3156697451861
267.02142759805946, 157.40143531162244, 268.22142759805945, 157.20143531162245
267.02142759805946, 157.90143531162244, 267.52142759805946, 159.90143531162244
730.7741180232244, 945.3476352992822, 731.9741180232245, 945.1476352992821
730.7741180232244, 945.8476352992822, 731.2741180232244, 947.8476352992822
798.8349856589086, 101.46810287825025, 800.0349856589087, 101.26810287825025
798.8349856589086, 101.96810287825025, 799.3349856589086, 103.96810287825025
929.982550621839, 872.1766587357246, 931.182550621839, 871.9766587357245
929.982550621839, 872.6766587357246, 930.482550621839, 874.6766587357246
542.2910343578919, 723.0998935311089, 543.491034357892, 722.8998935311089
542.2910343578919, 723.5998935311089, 542.7910343578919, 725.5998935311089
900.559903997069, 333.6446538617459, 901.759903997069, 333.4446538617459
900.559903997069, 334.1446538617459, 901.059903997069, 336.1446538617459
825.8884397992498, 416.71889344198274, 827.0884397992498, 416.51889344198275
825.8884397992498, 417.21889344198274, 826.3884397992498, 419.21889344198274
515.1028091500627, 145.74222704155326, 516.3028091500628, 145.54222704155328
515.1028091500627, 146.24222704155326, 515.6028091500627, 148.24222704155326
688.4349101437053, 518.0068908573505, 689.6349101437054, 517.8068908573505
688.4349101437053, 518.5068908573505, 688.9349101437053, 520.5068908573505
657.8332243893851, 390.0333451950631, 659.0332243893852, 389.8333451950631
657.8332243893851, 390.5333451950631, 658.3332243893851, 392.5333451950631
469.66253082419416, 619.1753262132186, 470.86253082419415, 618.9753262132185
469.66253082419416, 619.6753262132186, 470.16253082419416, 621.6753262132186
807.243886651073, 808.7587290311009, 808.4438866510731, 808.5587290311008
807.243886651073, 809.2587290311009, 807.743886651073, 811.2587290311009
915.5454761558454, 699.9932934978119, 916.7454761558455, 699.7932934978119
915.5454761558454, 700.4932934978119, 916.0454761558454, 702.4932934978119
660.7895370256483, 947.7992520492064, 661.9895370256484, 947.5992520492064
660.7895370256483, 948.2992520492064, 661.2895370256483, 950.2992520492064
912.6588121385159, 583.9283463000285, 913.858812138516, 583.7283463000284
912.6588121385159, 584.4283463000285, 913.1588121385159, 586.4283463000285
84.51908527243013, 801.0047862464162, 85.71908527243014, 800.8047862464161
84.51908527243013, 801.5047862464162, 85.01908527243013, 803.5047862464162
478.52756328426995, 907.2896401707175, 479.72756328426993, 907.0896401707174
478.52756328426995, 907.7896401707175, 479.02756328426995, 909.7896401707175
582.3379187905881, 843.6560808650765, 583.5379187905882, 843.4560808650765
582.3379187905881, 844.1560808650765, 582.8379187905881, 846.1560808650765
334.6841661259695, 354.2568820601443, 335.8841661259695, 354.0568820601443
334.6841661259695, 354.7568820601443, 335.1841661259695, 356.7568820601443
948.6152641570453, 966.4818094809254, 949.8152641570454, 966.2818094809254
948.6152641570453, 966.9818094809254, 949.1152641570453, 968.9818094809254
665.9900713223116, 131.94064948233765, 667.1900713223116, 131.74064948233766
665.9900713223116, 132.44064948233765, 666.4900713223116, 134.44064948233765
135.76047075348208, 455.0212373366105, 136.96047075348207, 454.8212373366105
135.76047075348208, 455.5212373366105, 136.26047075348208, 457.5212373366105
880.0159955898562, 266.1754426716868, 881.2159955898562, 265.97544267168684
880.0159955898562, 266.6754426716868, 880.5159955898562, 268.6754426716868
564.6814147589631, 848.255924070675, 565.8814147589632, 848.0559240706749
564.6814147589631, 848.755924070675, 565.1814147589631, 850.755924070675
366.0248819615329, 960.9236181071932, 367.2248819615329, 960.7236181071931
366.0248819615329, 961.4236181071932, 366.5248819615329, 963.4236181071932
742.4953942108575, 742.7776917747117, 743.6953942108576, 742.5776917747116
742.4953942108575, 743.2776917747117, 742.9953942108575, 745.2776917747117
989.8887202684102, 206.19269949275298, 991.0887202684103, 205.992699492753
989.8887202684102, 206.69269949275298, 990.3887202684102, 208.69269949275298
794.4476596525686, 353.02392301935583, 795.6476596525687, 352.82392301935585
794.4476596525686, 353.52392301935583, 794.9476596525686, 355.52392301935583
275.2216770559328, 913.2960053610545, 276.4216770559328, 913.0960053610545
275.2216770559328, 913.7960053610545, 275.7216770559328, 915.7960053610545
16.73653435428757, 583.223878579278, 17.93653435428757, 583.023878579278
16.73653435428757, 583.723878579278, 17.23653435428757, 585.723878579278
651.9149981139174, 383.01802185495103, 653.1149981139174, 382.81802185495104
651.9149981139174, 383.51802185495103, 652.4149981139174, 385.51802185495103
897.932597530605, 945.9799226097043, 899.132597530605, 945.7799226097043
897.932597530605, 946.4799226097043, 898.432597530605, 948.4799226097043
686.4003907587424, 758.0494077576886, 687.6003907587425, 757.8494077576886
686.4003907587424, 758.5494077576886, 686.9003907587424, 760.5494077576886
560.0092202261031, 99.19985327075764, 561.2092202261032, 98.99985327075764
560.0092202261031, 99.69985327075764, 560.5092202261031, 101.69985327075764
486.7427180939885, 211.105851136285, 487.9427180939885, 210.905851136285
486.7427180939885, 211.605851136285, 487.2427180939885, 213.605851136285
21.10679123051873, 93.00054571526661, 22.30679123051873, 92.80054571526661
21.10679123051873, 93.50054571526661, 21.60679123051873, 95.50054571526661
190.1964766680504, 305.5974037656372, 191.39647666805038, 305.3974037656372
190.1964766680504, 306.0974037656372, 190.6964766680504, 308.0974037656372
461.32217244570415, 919.7532437066312, 462.52217244570414, 919.5532437066312
461.32217244570415, 920.2532437066312, 461.82217244570415, 922.2532437066312
463.63580309895815, 915.1579338253431, 464.83580309895814, 914.957933825343
463.63580309895815, 915.6579338253431, 464.13580309895815, 917.6579338253431
248.94688066566317, 235.31506086780786, 250.14688066566316, 235.11506086780787
248.94688066566317, 235.81506086780786, 249.44688066566317, 237.81506086780786
397.951843238645, 941.4520410421347, 399.151843238645, 941.2520410421347
397.951843238645, 941.9520410421347, 398.451843238645, 943.9520410421347
41.42438236202395, 664.0228415584662, 42.62438236202395, 663.8228415584662
41.42438236202395, 664.5228415584662, 41.92438236202395, 666.5228415584662
526.9308200791855, 596.2983037567382, 528.1308200791856, 596.0983037567381
526.9308200791855, 596.7983037567382, 527.4308200791855, 598.7983037567382
30.44714838905027, 660.5016292382661, 31.64714838905027, 660.3016292382661
30.44714838905027, 661.0016292382661, 30.94714838905027, 663.0016292382661
900.824743843127, 352.7323651200207, 902.024743843127, 352.5323651200207
900.824743843127, 353.2323651200207, 901.324743843127, 355.2323651200207
558.2267453132921, 632.5338693058909, 559.4267453132921, 632.3338693058909
558.2267453132921, 633.0338693058909, 558.7267453132921, 635.0338693058909
426.5047065543791, 450.15536278300004, 427.7047065543791, 449.95536278300006
426.5047065543791, 450.65536278300004, 427.0047065543791, 452.65536278300004
324.4671819063629, 244.4806213080315, 325.6671819063629, 244.2806213080315
324.4671819063629, 244.9806213080315, 324.9671819063629, 246.9806213080315
13.113932503951986, 720.6974744593582, 14.313932503951985, 720.4974744593582
13.113932503951986, 721.1974744593582, 13.613932503951986, 723.1974744593582
513.7153061949141, 224.1001628538255, 514.9153061949141, 223.90016285382552
513.7153061949141, 224.6001628538255, 514.2153061949141, 226.6001628538255
769.4366033365661, 692.9927383535751, 770.6366033365662, 692.792738353575
769.4366033365661, 693.4927383535751, 769.9366033365661, 695.4927383535751
94.34563674784135, 967.1953760710319, 95.54563674784136, 966.9953760710318
94.34563674784135, 967.6953760710319, 94.84563674784135, 969.6953760710319
383.0896460006272, 612.9798161107433, 384.2896460006272, 612.7798161107432
383.0896460006272, 613.4798161107433, 383.5896460006272, 615.4798161107433
658.9702293601359, 705.4155394719329, 660.170229360136, 705.2155394719329
658.9702293601359, 705.9155394719329, 659.4702293601359, 707.9155394719329
834.519165056889, 555.6053422634745, 835.7191650568891, 555.4053422634745
834.519165056889, 556.1053422634745, 835.019165056889, 558.1053422634745
112.2361594380874, 112.45438943400798, 113.4361594380874, 112.25438943400798
112.2361594380874, 112.95438943400798, 112.7361594380874, 114.95438943400798
89.41474061180976, 368.80672605831535, 90.61474061180976, 368.60672605831536
89.41474061180976, 369.30672605831535, 89.91474061180976, 371.30672605831535
492.0245648185546, 242.7884042841283, 493.2245648185546, 242.5884042841283
492.0245648185546, 243.2884042841283, 492.5245648185546, 245.2884042841283
557.3794427145544, 565.1683222999928, 558.5794427145545, 564.9683222999928
557.3794427145544, 565.6683222999928, 557.8794427145544, 567.6683222999928
766.163198946112, 250.85845830543408, 767.363198946112, 250.6584583054341
766.163198946112, 251.35845830543408, 766.663198946112, 253.35845830543408
948.281400840336, 400.86314619244445, 949.481400840336, 400.66314619244446
948.281400840336, 401.36314619244445, 948.781400840336, 403.36314619244445
556.3787349676493, 994.4672275044586, 557.5787349676493, 994.2672275044586
556.3787349676493, 994.9672275044586, 556.8787349676493, 996.9672275044586
361.84200445691727, 665.6958596295211, 363.04200445691725, 665.4958596295211
361.84200445691727, 666.1958596295211, 362.34200445691727, 668.1958596295211
954.8207723782929, 324.0616565689408, 956.0207723782929, 323.8616565689408
954.8207723782929, 324.5616565689408, 955.3207723782929, 326.5616565689408
217.12833445406886, 925.4260005275052, 218.32833445406885, 925.2260005275051
217.12833445406886, 925.9260005275052, 217.62833445406886, 927.9260005275052
273.7987885919201, 173.21784691190723, 274.99878859192006, 173.01784691190724
273.7987885919201, 173.71784691190723, 274.2987885919201, 175.71784691190723
122.78524603305219, 826.9858596303797, 123.98524603305219, 826.7858596303796
122.78524603305219, 827.4858596303797, 123.28524603305219, 829.4858596303797
773.2683309910475, 813.697534037496, 774.4683309910475, 813.4975340374959
773.2683309910475, 814.197534037496, 773.7683309910475, 816.197534037496
136.51958946919675, 926.5868077476629, 137.71958946919673, 926.3868077476628
136.51958946919675, 927.0868077476629, 137.01958946919675, 929.0868077476629
740.072004975656, 815.0339830643604, 741.272004975656, 814.8339830643604
740.072004975656, 815.5339830643604, 740.572004975656, 817.5339830643604
778.9422952190404, 876.5104757322981, 780.1422952190404, 876.3104757322981
778.9422952190404, 877.0104757322981, 779.4422952190404, 879.0104757322981
927.3052562282513, 303.9459638125419, 928.5052562282514, 303.7459638125419
927.3052562282513, 304.4459638125419, 927.8052562282513, 306.4459638125419
594.2183109610564, 79.74930382146862, 595.4183109610565, 79.54930382146861
594.2183109610564, 80.24930382146862, 594.7183109610564, 82.24930382146862
377.88837758091785, 29.651579597222756, 379.08837758091784, 29.451579597222757
377.88837758091785, 30.151579597222756, 378.38837758091785, 32.15157959722276
639.8682008429271, 539.2876409501066, 641.0682008429271, 539.0876409501066
639.8682008429271, 539.7876409501066, 640.3682008429271, 541.7876409501066
509.8221543821613, 999.2390929242887, 511.02215438216126, 999.0390929242886
509.8221543821613, 999.7390929242887, 510.3221543821613, 1001.7390929242887
249.55603064732347, 635.3907426692779, 250.75603064732346, 635.1907426692778
249.55603064732347, 635.8907426692779, 250.05603064732347, 637.8907426692779
990.2812500322276, 238.31271754773576, 991.4812500322276, 238.11271754773577
990.2812500322276, 238.81271754773576, 990.7812500322276, 240.81271754773576
801.2946146122514, 328.5385171334082, 802.4946146122514, 328.33851713340823
801.2946146122514, 329.0385171334082, 801.7946146122514, 331.0385171334082
393.97868169899033, 268.4029537568792, 395.1786816989903, 268.2029537568792
393.97868169899033, 268.9029537568792, 394.47868169899033, 270.9029537568792
312.8726484751079, 899.7636428627692, 314.0726484751079, 899.5636428627691
312.8726484751079, 900.2636428627692, 313.3726484751079, 902.2636428627692
32.550419819030175, 188.0141666434544, 33.75041981903018, 187.8141666434544
32.550419819030175, 188.5141666434544, 33.050419819030175, 190.5141666434544
307.4758386456895, 838.1366653719084, 308.6758386456895, 837.9366653719084
307.4758386456895, 838.6366653719084, 307.9758386456895, 840.6366653719084
440.40760818182247, 442.360079238174, 441.60760818182246, 442.16007923817403
440.40760818182247, 442.860079238174, 440.90760818182247, 444.860079238174
117.85019380381657, 428.7950362759262, 119.05019380381657, 428.5950362759262
117.85019380381657, 429.2950362759262, 118.35019380381657, 431.2950362759262
777.2151091596822, 116.72463484209617, 778.4151091596823, 116.52463484209616
777.2151091596822, 117.22463484209617, 777.7151091596822, 119.22463484209617
520.8525565017595, 132.13895523814477, 522.0525565017596, 131.93895523814479
520.8525565017595, 132.63895523814477, 521.3525565017595, 134.63895523814477
493.724038888405, 659.1435204379327, 494.924038888405, 658.9435204379326
493.724038888405, 659.6435204379327, 494.224038888405, 661.6435204379327
983.98683929509, 193.28662745005997, 985.1868392950901, 193.08662745005998
983.98683929509, 193.78662745005997, 984.48683929509, 195.78662745005997
42.99088007273788, 913.2537685419185, 44.19088007273788, 913.0537685419184
42.99088007273788, 913.7537685419185, 43.49088007273788, 915.7537685419185
381.17534306612123, 398.4810887509993, 382.3753430661212, 398.2810887509993
381.17534306612123, 398.9810887509993, 381.67534306612123, 400.9810887509993
723.8508568417019, 657.4639572493099, 725.050856841702, 657.2639572493099
723.8508568417019, 657.9639572493099, 724.3508568417019, 659.9639572493099
387.34462119806625, 710.905831179713, 388.54462119806624, 710.705831179713
387.34462119806625, 711.405831179713, 387.84462119806625, 713.405831179713
538.7601404306979, 239.33632148875583, 539.960140430698, 239.13632148875584
538.7601404306979, 239.83632148875583, 539.2601404306979, 241.83632148875583
216.7521367082682, 514.0715585852275, 217.9521367082682, 513.8715585852275
216.7521367082682, 514.5715585852275, 217.2521367082682, 516.5715585852275
816.9025249718259, 401.70386601004617, 818.1025249718259, 401.5038660100462
816.9025249718259, 402.20386601004617, 817.4025249718259, 404.20386601004617
235.5686279830862, 375.05188041355996, 236.7686279830862, 374.85188041355997
235.5686279830862, 375.55188041355996, 236.0686279830862, 377.55188041355996
530.8018221918827, 421.5801821799393, 532.0018221918828, 421.3801821799393
530.8018221918827, 422.0801821799393, 531.3018221918827, 424.0801821799393
947.3816495555327, 708.0975310414809, 948.5816495555327, 707.8975310414809
947.3816495555327, 708.5975310414809, 947.8816495555327, 710.5975310414809
472.98953551829095, 41.14423307637338, 474.18953551829094, 40.94423307637338
472.98953551829095, 41.64423307637338, 473.48953551829095, 43.64423307637338
226.33319909136208, 7.276198247817334, 227.53319909136206, 7.0761982478173335
226.33319909136208, 7.776198247817334, 226.83319909136208, 9.776198247817334
996.5592908280405, 69.12352646635101, 997.7592908280405, 68.923526466351
996.5592908280405, 69.62352646635101, 997.0592908280405, 71.62352646635101
357.1738520308023, 747.9508075766196, 358.3738520308023, 747.7508075766195
357.1738520308023, 748.4508075766196, 357.6738520308023, 750.4508075766196
234.31590162178196, 69.77206824815153, 235.51590162178195, 69.57206824815152
234.31590162178196, 70.27206824815153, 234.81590162178196, 72.27206824815153
835.6277021980177, 408.32281903019674, 836.8277021980177, 408.12281903019675
835.6277021980177, 408.82281903019674, 836.1277021980177, 410.82281903019674
285.53700937965976, 482.73233758696955, 286.73700937965975, 482.53233758696956
285.53700937965976, 483.23233758696955, 286.03700937965976, 485.23233758696955
920.9495793982054, 518.56742169197, 922.1495793982054, 518.36742169197
920.9495793982054, 519.06742169197, 921.4495793982054, 521.06742169197
350.9261302117329, 270.86039803802333, 352.1261302117329, 270.66039803802335
350.9261302117329, 271.36039803802333, 351.4261302117329, 273.36039803802333
254.88175647635668, 291.6860700432792, 256.0817564763567, 291.4860700432792
254.88175647635668, 292.1860700432792, 255.38175647635668, 294.1860700432792
465.83344084583354, 478.13011713285704, 467.0334408458335, 477.93011713285705
465.83344084583354, 478.63011713285704, 466.33344084583354, 480.63011713285704
502.5412936790081, 101.6397224156218, 503.7412936790081, 101.4397224156218
502.5412936790081, 102.1397224156218, 503.0412936790081, 104.1397224156218
751.488068759485, 460.36995347077215, 752.6880687594851, 460.16995347077216
751.488068759485, 460.86995347077215, 751.988068759485, 462.86995347077215
901.2068917643345, 779.6818234767223, 902.4068917643345, 779.4818234767223
901.2068917643345, 780.1818234767223, 901.7068917643345, 782.1818234767223
169.70012528224098, 932.997923581553, 170.90012528224096, 932.7979235815529
169.70012528224098, 933.497923581553, 170.20012528224098, 935.497923581553
299.40290328169874, 18.76590023170932, 300.60290328169873, 18.56590023170932
299.40290328169874, 19.26590023170932, 299.90290328169874, 21.26590023170932
326.45466681950495, 828.7001274236895, 327.65466681950494, 828.5001274236895
326.45466681950495, 829.2001274236895, 326.95466681950495, 831.2001274236895
844.0412746047211, 637.0387251800423, 845.2412746047212, 636.8387251800423
844.0412746047211, 637.5387251800423, 844.5412746047211, 639.5387251800423
507.1483035644535, 743.8036359445588, 508.3483035644535, 743.6036359445587
507.1483035644535, 744.3036359445588, 507.6483035644535, 746.3036359445588
278.92543570033655, 676.391977415776, 280.12543570033654, 676.1919774157759
278.92543570033655, 676.891977415776, 279.42543570033655, 678.891977415776
963.3708909873229, 253.18787118772912, 964.570890987323, 252.98787118772913
963.3708909873229, 253.68787118772912, 963.8708909873229, 255.68787118772912
66.87308310210183, 386.7321929299903, 68.07308310210183, 386.5321929299903
66.87308310210183, 387.2321929299903, 67.37308310210183, 389.2321929299903
440.1266521576468, 360.76047032669766, 441.3266521576468, 360.56047032669767
440.1266521576468, 361.26047032669766, 440.6266521576468, 363.26047032669766
483.42071044682166, 428.47022458543785, 484.62071044682165, 428.27022458543786
483.42071044682166, 428.97022458543785, 483.92071044682166, 430.97022458543785
96.18177011957485, 756.1560690191498, 97.38177011957485, 755.9560690191497
96.18177011957485, 756.6560690191498, 96.68177011957485, 758.6560690191498
150.214981339447, 568.2102350510823, 151.414981339447, 568.0102350510823
150.214981339447, 568.7102350510823, 150.714981339447, 570.7102350510823
775.9352335920346, 179.46996648422964, 777.1352335920346, 179.26996648422966
775.9352335920346, 179.96996648422964, 776.4352335920346, 181.96996648422964
680.2020235602863, 705.6615068577822, 681.4020235602864, 705.4615068577822
680.2020235602863, 706.1615068577822, 680.7020235602863, 708.1615068577822
699.8439718813804, 636.3623564584619, 701.0439718813805, 636.1623564584619
699.8439718813804, 636.8623564584619, 700.3439718813804, 638.8623564584619
903.7692365138265, 175.52424421504654, 904.9692365138266, 175.32424421504655
903.7692365138265, 176.02424421504654, 904.2692365138265, 178.02424421504654
16.694926848108913, 452.4896908896436, 17.894926848108913, 452.2896908896436
16.694926848108913, 452.9896908896436, 17.194926848108913, 454.9896908896436
703.419457668985, 269.31413915908655, 704.6194576689851, 269.11413915908656
703.419457668985, 269.81413915908655, 703.919457668985, 271.81413915908655
676.3540859815113, 660.5687867662973, 677.5540859815113, 660.3687867662973
676.3540859815113, 661.0687867662973, 676.8540859815113, 663.0687867662973
989.2259356791627, 130.8234382481376, 990.4259356791628, 130.6234382481376
989.2259356791627, 131.3234382481376, 989.7259356791627, 133.3234382481376
758.2677609013283, 865.7343233072794, 759.4677609013283, 865.5343233072794
758.2677609013283, 866.2343233072794, 758.7677609013283, 868.2343233072794
46.3764432046323, 625.2957852207488, 47.576443204632305, 625.0957852207488
46.3764432046323, 625.7957852207488, 46.8764432046323, 627.7957852207488
535.4318664626023, 520.746198218849, 536.6318664626024, 520.546198218849
535.4318664626023, 521.246198218849, 535.9318664626023, 523.246198218849
131.85941317910488, 381.036369877241, 133.05941317910487, 380.836369877241
131.85941317910488, 381.536369877241, 132.35941317910488, 383.536369877241
251.05008644241943, 538.6951650543109, 252.25008644241942, 538.4951650543109
251.05008644241943, 539.1951650543109, 251.55008644241943, 541.1951650543109
118.95208396393609, 747.284042803938, 120.1520839639361, 747.0840428039379
118.95208396393609, 747.784042803938, 119.45208396393609, 749.784042803938
770.8740971694174, 206.0984117162741, 772.0740971694174, 205.8984117162741
770.8740971694174, 206.5984117162741, 771.3740971694174, 208.5984117162741
462.06998867942195, 685.7293994939129, 463.26998867942194, 685.5293994939128
462.06998867942195, 686.2293994939129, 462.56998867942195, 688.2293994939129
243.3208114652764, 432.2149700608043, 244.52081146527638, 432.01497006080433
243.3208114652764, 432.7149700608043, 243.8208114652764, 434.7149700608043
690.8631398124393, 681.2685276838295, 692.0631398124393, 681.0685276838294
690.8631398124393, 681.7685276838295, 691.3631398124393, 683.7685276838295
5.744547373856546, 588.6313051560097, 6.944547373856546, 588.4313051560097
5.744547373856546, 589.1313051560097, 6.244547373856546, 591.1313051560097
736.657199543993, 267.21531624967463, 737.857199543993, 267.01531624967464
736.657199543993, 267.71531624967463, 737.157199543993, 269.71531624967463
362.8241996365229, 162.9028762015231, 364.0241996365229, 162.7028762015231
362.8241996365229, 163.4028762015231, 363.3241996365229, 165.4028762015231
849.2572980780413, 417.8256546488528, 850.4572980780414, 417.6256546488528
849.2572980780413, 418.3256546488528, 849.7572980780413, 420.3256546488528
952.7743129933697, 7.9181158287853215, 953.9743129933697, 7.718115828785321
952.7743129933697, 8.418115828785321, 953.2743129933697, 10.418115828785321
712.050343048116, 383.52860782645246, 713.2503430481161, 383.32860782645247
712.050343048116, 384.02860782645246, 712.550343048116, 386.02860782645246
416.70214697758365, 87.5944796795588, 417.90214697758364, 87.3944796795588
416.70214697758365, 88.0944796795588, 417.20214697758365, 90.0944796795588
298.8799532235058, 267.33207523254555, 300.0799532235058, 267.13207523254556
298.8799532235058, 267.83207523254555, 299.3799532235058, 269.83207523254555
471.3087235134191, 592.7671948699428, 472.5087235134191, 592.5671948699428
471.3087235134191, 593.2671948699428, 471.8087235134191, 595.2671948699428
515.8785301493898, 934.9601994191797, 517.0785301493898, 934.7601994191797
515.8785301493898, 935.4601994191797, 516.3785301493898, 937.4601994191797
309.7373107964976, 74.28004667373467, 310.93731079649757, 74.08004667373467
309.7373107964976, 74.78004667373467, 310.2373107964976, 76.78004667373467
92.56645711462875, 974.4032300732152, 93.76645711462875, 974.2032300732152
92.56645711462875, 974.9032300732152, 93.06645711462875, 976.9032300732152
632.359998920713, 913.7802676564728, 633.559998920713, 913.5802676564728
632.359998920713, 914.2802676564728, 632.859998920713, 916.2802676564728
148.3055395542995, 760.2523476823152, 149.50553955429947, 760.0523476823151
148.3055395542995, 760.7523476823152, 148.8055395542995, 762.7523476823152
550.3526917858001, 598.8521709521882, 551.5526917858001, 598.6521709521882
550.3526917858001, 599.3521709521882, 550.8526917858001, 601.3521709521882
387.6026545162905, 896.2812293047515, 388.8026545162905, 896.0812293047514
387.6026545162905, 896.7812293047515, 388.1026545162905, 898.7812293047515
142.64121345370762, 560.6372800515678, 143.8412134537076, 560.4372800515678
142.64121345370762, 561.1372800515678, 143.14121345370762, 563.1372800515678
858.6471763634834, 74.84470592427172, 859.8471763634834, 74.64470592427172
858.6471763634834, 75.34470592427172, 859.1471763634834, 77.34470592427172
693.0299511028885, 948.6155951445231, 694.2299511028885, 948.4155951445231
693.0299511028885, 949.1155951445231, 693.5299511028885, 951.1155951445231
865.4587975423292, 16.776897774994247, 866.6587975423292, 16.576897774994247
865.4587975423292, 17.276897774994247, 865.9587975423292, 19.276897774994247
773.2370729147759, 199.8149920116863, 774.437072914776, 199.6149920116863
773.2370729147759, 200.3149920116863, 773.7370729147759, 202.3149920116863
217.03077867359033, 214.30187191380122, 218.23077867359032, 214.10187191380123
217.03077867359033, 214.80187191380122, 217.53077867359033, 216.80187191380122
563.6304974422264, 764.1041024766869, 564.8304974422265, 763.9041024766868
563.6304974422264, 764.6041024766869, 564.1304974422264, 766.6041024766869
376.0328971425013, 25.648016377348036, 377.2328971425013, 25.448016377348036
376.0328971425013, 26.148016377348036, 376.5328971425013, 28.148016377348036
687.9554066516047, 315.70479988272416, 689.1554066516047, 315.50479988272417
687.9554066516047, 316.20479988272416, 688.4554066516047, 318.20479988272416
783.8939873524454, 866.3885339334897, 785.0939873524454, 866.1885339334897
783.8939873524454, 866.8885339334897, 784.3939873524454, 868.8885339334897
295.7855807030291, 493.6120651976316, 296.9855807030291, 493.4120651976316
295.7855807030291, 494.1120651976316, 296.2855807030291, 496.1120651976316
610.5233820288541, 218.60945192058867, 611.7233820288542, 218.40945192058868
610.5233820288541, 219.10945192058867, 611.0233820288541, 221.10945192058867
588.2977562250898, 8.458216836488951, 589.4977562250898, 8.258216836488952
588.2977562250898, 8.958216836488951, 588.7977562250898, 10.958216836488951
788.2178241128829, 928.5128346103926, 789.417824112883, 928.3128346103925
788.2178241128829, 929.0128346103926, 788.7178241128829, 931.0128346103926
110.07797934752683, 709.6424811471586, 111.27797934752684, 709.4424811471586
110.07797934752683, 710.1424811471586, 110.57797934752683, 712.1424811471586
711.9427583228838, 171.87400750718916, 713.1427583228839, 171.67400750718917
711.9427583228838, 172.37400750718916, 712.4427583228838, 174.37400750718916
576.194700784326, 342.0200063512564, 577.394700784326, 341.82000635125644
576.194700784326, 342.5200063512564, 576.694700784326, 344.5200063512564
129.89195438373434, 631.4540367370671, 131.09195438373433, 631.254036737067
129.89195438373434, 631.9540367370671, 130.39195438373434, 633.9540367370671
855.5257355267524, 215.48235540815952, 856.7257355267525, 215.28235540815953
855.5257355267524, 215.98235540815952, 856.0257355267524, 217.98235540815952
405.7744556964339, 454.2658973789631, 406.9744556964339, 454.0658973789631
405.7744556964339, 454.7658973789631, 406.2744556964339, 456.7658973789631
681.7235645734678, 873.5697427343656, 682.9235645734678, 873.3697427343656
681.7235645734678, 874.0697427343656, 682.2235645734678, 876.0697427343656
587.3729518253001, 808.0447689482642, 588.5729518253002, 807.8447689482641
587.3729518253001, 808.5447689482642, 587.8729518253001, 810.5447689482642
538.1188092364397, 992.2273830815531, 539.3188092364397, 992.027383081553
538.1188092364397, 992.7273830815531, 538.6188092364397, 994.7273830815531
48.54412128874597, 227.50493939762052, 49.74412128874597, 227.30493939762053
48.54412128874597, 228.00493939762052, 49.04412128874597, 230.00493939762052
1.7064500545878047, 681.3481476612804, 2.906450054587805, 681.1481476612804
1.7064500545878047, 681.8481476612804, 2.2064500545878047, 683.8481476612804
711.4787350933996, 270.6433624494616, 712.6787350933996, 270.44336244946163
711.4787350933996, 271.1433624494616, 711.9787350933996, 273.1433624494616
348.227243926804, 331.4385306234082, 349.427243926804, 331.2385306234082
348.227243926804, 331.9385306234082, 348.727243926804, 333.9385306234082
94.17913080485741, 655.0541915453513, 95.37913080485741, 654.8541915453512
94.17913080485741, 655.5541915453513, 94.67913080485741, 657.5541915453513
446.86828388983815, 624.7329925974554, 448.06828388983814, 624.5329925974554
446.86828388983815, 625.2329925974554, 447.36828388983815, 627.2329925974554
49.96491785206813, 451.49754161543177, 51.164917852068136, 451.2975416154318
49.96491785206813, 451.99754161543177, 50.46491785206813, 453.99754161543177
1.0985950734387906, 126.53732218180392, 2.2985950734387908, 126.33732218180391
1.0985950734387906, 127.03732218180392, 1.5985950734387906, 129.03732218180392
887.477194774876, 192.94863930940787, 888.677194774876, 192.74863930940788
887.477194774876, 193.44863930940787, 887.977194774876, 195.44863930940787
676.8425505788806, 71.45512132273002, 678.0425505788807, 71.25512132273002
676.8425505788806, 71.95512132273002, 677.3425505788806, 73.95512132273002
531.4990556433088, 95.9289048939701, 532.6990556433088, 95.7289048939701
531.4990556433088, 96.4289048939701, 531.9990556433088, 98.4289048939701
433.9940386130152, 19.44105400887053, 435.1940386130152, 19.24105400887053
433.9940386130152, 19.94105400887053, 434.4940386130152, 21.94105400887053
436.92344111500745, 511.32439213293213, 438.12344111500744, 511.12439213293214
436.92344111500745, 511.82439213293213, 437.42344111500745, 513.8243921329322
425.1715759767023, 223.2289967343365, 426.3715759767023, 223.02899673433652
425.1715759767023, 223.7289967343365, 425.6715759767023, 225.7289967343365
570.5004702634517, 401.50531607300576, 571.7004702634517, 401.30531607300577
570.5004702634517, 402.00531607300576, 571.0004702634517, 404.00531607300576
709.3889201936923, 799.1075109003278, 710.5889201936924, 798.9075109003278
709.3889201936923, 799.6075109003278, 709.8889201936923, 801.6075109003278
237.5598455170852, 90.53290961611215, 238.75984551708518, 90.33290961611215
237.5598455170852, 91.03290961611215, 238.0598455170852, 93.03290961611215
988.9064051521901, 4.243556463130571, 990.1064051521902, 4.043556463130571
988.9064051521901, 4.743556463130571, 989.4064051521901, 6.743556463130571
979.3034767820283, 778.9466630209889, 980.5034767820283, 778.7466630209889
979.3034767820283, 779.4466630209889, 979.8034767820283, 781.4466630209889
982.5253850993587, 941.5261367323117, 983.7253850993587, 941.3261367323116
982.5253850993587, 942.0261367323117, 983.0253850993587, 944.0261367323117
932.8125783988446, 885.3970432744086, 934.0125783988447, 885.1970432744085
932.8125783988446, 885.8970432744086, 933.3125783988446, 887.8970432744086
896.0178060090243, 304.19394602936836, 897.2178060090243, 303.9939460293684
896.0178060090243, 304.69394602936836, 896.5178060090243, 306.69394602936836
151.9807870156876, 979.5766147266992, 153.1807870156876, 979.3766147266991
151.9807870156876, 980.0766147266992, 152.4807870156876, 982.0766147266992
931.8518224763152, 442.7877842880778, 933.0518224763152, 442.5877842880778
931.8518224763152, 443.2877842880778, 932.3518224763152, 445.2877842880778
308.0655417970056, 382.24141951828204, 309.2655417970056, 382.04141951828205
308.0655417970056, 382.74141951828204, 308.5655417970056, 384.74141951828204
296.647738887839, 431.0300864203508, 297.847738887839, 430.8300864203508
296.647738887839, 431.5300864203508, 297.147738887839, 433.5300864203508
361.18802455667577, 813.8897602892586, 362.38802455667576, 813.6897602892585
361.18802455667577, 814.3897602892586, 361.68802455667577, 816.3897602892586
249.3112942675071, 190.25614460485852, 250.51129426750708, 190.05614460485853
249.3112942675071, 190.75614460485852, 249.8112942675071, 192.75614460485852
360.69199072125315, 797.8989560439246, 361.89199072125314, 797.6989560439246
360.69199072125315, 798.3989560439246, 361.19199072125315, 800.3989560439246
731.9553911741526, 978.8279600284393, 733.1553911741527, 978.6279600284392
731.9553911741526, 979.3279600284393, 732.4553911741526, 981.3279600284393
421.1935892444851, 454.8873771732734, 422.3935892444851, 454.68737717327343
421.1935892444851, 455.3873771732734, 421.6935892444851, 457.3873771732734
28.660688673810995, 365.9514355625971, 29.860688673810994, 365.7514355625971
28.660688673810995, 366.4514355625971, 29.160688673810995, 368.4514355625971
427.23558524272966, 261.58810275198886, 428.43558524272964, 261.38810275198887
427.23558524272966, 262.08810275198886, 427.73558524272966, 264.08810275198886
160.58998908889788, 881.269287857548, 161.78998908889787, 881.0692878575479
160.58998908889788, 881.769287857548, 161.08998908889788, 883.769287857548
15.410588192550145, 292.76101176590896, 16.610588192550146, 292.561011765909
15.410588192550145, 293.26101176590896, 15.910588192550145, 295.26101176590896
768.3242325296482, 859.0614155345141, 769.5242325296482, 858.8614155345141
768.3242325296482, 859.5614155345141, 768.8242325296482, 861.5614155345141
96.38294988253682, 253.68511750166013, 97.58294988253682, 253.48511750166014
96.38294988253682, 254.18511750166013, 96.88294988253682, 256.1851175016601
126.67738520069072, 413.16892352523337, 127.87738520069072, 412.9689235252334
126.67738520069072, 413.66892352523337, 127.17738520069072, 415.66892352523337
504.6979372521769, 192.19106973700718, 505.8979372521769, 191.9910697370072
504.6979372521769, 192.69106973700718, 505.1979372521769, 194.69106973700718
722.5132066951754, 5.594289185955059, 723.7132066951755, 5.394289185955059
722.5132066951754, 6.094289185955059, 723.0132066951754, 8.09428918595506
729.5331721227525, 563.1975842522021, 730.7331721227525, 562.997584252202
729.5331721227525, 563.6975842522021, 730.0331721227525, 565.6975842522021
628.1038373833393, 658.1283579169731, 629.3038373833393, 657.928357916973
628.1038373833393, 658.6283579169731, 628.6038373833393, 660.6283579169731
563.5141410809099, 49.04610883385829, 564.7141410809099, 48.84610883385829
563.5141410809099, 49.54610883385829, 564.0141410809099, 51.54610883385829
455.7408440407612, 40.3884742558116, 456.9408440407612, 40.1884742558116
455.7408440407612, 40.8884742558116, 456.2408440407612, 42.8884742558116
