x1    y1    x2    y2
0, 256.2044204521182, 1000, 256.2044204521182
1, 140.79910052591705, 1001, 140.79910052591705
2, 391.2936239710376, 1002, 391.2936239710376
3, 232.56644687314832, 1003, 232.56644687314832
4, 214.44126016328192, 1004, 214.44126016328192
5, 535.2447253396286, 1005, 535.2447253396286
6, 211.39009171058797, 1006, 211.39009171058797
7, 485.9349340148817, 1007, 485.9349340148817
8, 874.195672927576, 1008, 874.195672927576
9, 885.2344933209664, 1009, 885.2344933209664
10, 724.9351859372749, 1010, 724.9351859372749
11, 367.0958808788957, 1011, 367.0958808788957
12, 736.0816958965647, 1012, 736.0816958965647
13, 212.07311544093932, 1013, 212.07311544093932
14, 300.8885464379082, 1014, 300.8885464379082
15, 513.4971047897435, 1015, 513.4971047897435
16, 209.04888710160884, 1016, 209.04888710160884
17, 364.59635696807567, 1017, 364.59635696807567
18, 661.7129913087767, 1018, 661.7129913087767
19, 776.5748446652591, 1019, 776.5748446652591
20, 743.5546172024448, 1020, 743.5546172024448
21, 533.5155209312411, 1021, 533.5155209312411
22, 305.9111819287244, 1022, 305.9111819287244
23, 514.7247187042274, 1023, 514.7247187042274
24, 919.8144529255289, 1024, 919.8144529255289
25, 158.39621226310862, 1025, 158.39621226310862
26, 630.4420468884637, 1026, 630.4420468884637
27, 801.0849433412274, 1027, 801.0849433412274
28, 251.70681624273317, 1028, 251.70681624273317
29, 831.7276017552604, 1029, 831.7276017552604
30, 789.582453054812, 1030, 789.582453054812
31, 695.256605394013, 1031, 695.256605394013
32, 309.97003146078885, 1032, 309.97003146078885
33, 197.49014573396616, 1033, 197.49014573396616
34, 401.6891714568982, 1034, 401.6891714568982
35, 365.5302976644434, 1035, 365.5302976644434
36, 373.5623443598121, 1036, 373.5623443598121
37, 756.3236425174696, 1037, 756.3236425174696
38, 588.4013441045807, 1038, 588.4013441045807
39, 475.1203697576507, 1039, 475.1203697576507
40, 413.14416657839394, 1040, 413.14416657839394
41, 139.67783516556943, 1041, 139.67783516556943
42, 580.2919221727911, 1042, 580.2919221727911
43, 536.0348117464016, 1043, 536.0348117464016
44, 400.03716943652734, 1044, 400.03716943652734
45, 1.5276160111146186, 1045, 1.5276160111146186
46, 300.31874762605315, 1046, 300.31874762605315
47, 282.83324970521437, 1047, 282.83324970521437
48, 498.401147613264, 1048, 498.401147613264
49, 648.8819908780935, 1049, 648.8819908780935
50, 629.7170120344693, 1050, 629.7170120344693
51, 893.1525370434962, 1051, 893.1525370434962
52, 568.5650942483885, 1052, 568.5650942483885
53, 766.0447112284675, 1053, 766.0447112284675
54, 83.09619579014938, 1054, 83.09619579014938
55, 869.0347703293697, 1055, 869.0347703293697
56, 802.0174763001626, 1056, 802.0174763001626
57, 543.939277228433, 1057, 543.939277228433
58, 997.1143573800175, 1058, 997.1143573800175
59, 724.9262008092304, 1059, 724.9262008092304
60, 404.1507096594359, 1060, 404.1507096594359
61, 503.00901390150545, 1061, 503.00901390150545
62, 920.7774039441829, 1062, 920.7774039441829
63, 994.1876889567691, 1063, 994.1876889567691
64, 458.9164564071996, 1064, 458.9164564071996
65, 619.5109403461041, 1065, 619.5109403461041
66, 972.343983506749, 1066, 972.343983506749
67, 286.36251768196774, 1067, 286.36251768196774
68, 509.1820518183783, 1068, 509.1820518183783
69, 626.155366764665, 1069, 626.155366764665
70, 111.59841043630358, 1070, 111.59841043630358
71, 215.52089663473893, 1071, 215.52089663473893
72, 610.116979324737, 1072, 610.116979324737
73, 244.40104182061583, 1073, 244.40104182061583
74, 237.95326216323343, 1074, 237.95326216323343
75, 139.76574300255962, 1075, 139.76574300255962
76, 582.2323399595082, 1076, 582.2323399595082
77, 892.8937679560587, 1077, 892.8937679560587
78, 702.2432490745124, 1078, 702.2432490745124
79, 458.4992586799158, 1079, 458.4992586799158
80, 714.1300080907857, 1080, 714.1300080907857
81, 778.3550173586739, 1081, 778.3550173586739
82, 700.3581298320089, 1082, 700.3581298320089
83, 927.7487768489375, 1083, 927.7487768489375
84, 42.13610159478765, 1084, 42.13610159478765
85, 431.42897231408404, 1085, 431.42897231408404
86, 873.1062425726719, 1086, 873.1062425726719
87, 590.7739979609266, 1087, 590.7739979609266
88, 708.1120409886684, 1088, 708.1120409886684
89, 521.513948068326, 1089, 521.513948068326
90, 860.1928120514119, 1090, 860.1928120514119
91, 462.14190433975597, 1091, 462.14190433975597
92, 576.5031874392325, 1092, 576.5031874392325
93, 43.15461839236556, 1093, 43.15461839236556
94, 630.356165512708, 1094, 630.356165512708
95, 47.56973527855912, 1095, 47.56973527855912
96, 722.9086273449456, 1096, 722.9086273449456
97, 371.75303763322, 1097, 371.75303763322
98, 222.9528800972438, 1098, 222.9528800972438
99, 959.6294859061621, 1099, 959.6294859061621
100, 303.5508143843092, 1100, 303.5508143843092
101, 923.930334659619, 1101, 923.930334659619
102, 697.2873244719318, 1102, 697.2873244719318
103, 887.1835166602267, 1103, 887.1835166602267
104, 92.93788498466549, 1104, 92.93788498466549
105, 275.7066728407739, 1105, 275.7066728407739
106, 33.13060304845028, 1106, 33.13060304845028
107, 44.28261583920279, 1107, 44.28261583920279
108, 619.6321835979843, 1108, 619.6321835979843
109, 814.3280008593996, 1109, 814.3280008593996
110, 421.68250481457613, 1110, 421.68250481457613
111, 416.0200369836842, 1111, 416.0200369836842
112, 216.8735521441194, 1112, 216.8735521441194
113, 973.6428120152652, 1113, 973.6428120152652
114, 154.37003497702685, 1114, 154.37003497702685
115, 771.246643412034, 1115, 771.246643412034
116, 318.052201266455, 1116, 318.052201266455
117, 967.7850844390589, 1117, 967.7850844390589
118, 64.39931752832462, 1118, 64.39931752832462
119, 923.1424873263699, 1119, 923.1424873263699
120, 450.4762331022606, 1120, 450.4762331022606
121, 347.7136944516236, 1121, 347.7136944516236
122, 275.9820423908466, 1122, 275.9820423908466
123, 242.6980379627206, 1123, 242.6980379627206
124, 623.7569927271308, 1124, 623.7569927271308
125, 658.9933961928367, 1125, 658.9933961928367
126, 626.9567076897491, 1126, 626.9567076897491
127, 803.031822556373, 1127, 803.031822556373
128, 857.8456805812774, 1128, 857.8456805812774
129, 9.091982577186354, 1129, 9.091982577186354
130, 934.3185733029725, 1130, 934.3185733029725
131, 604.8384311855667, 1131, 604.8384311855667
132, 989.4789390308963, 1132, 989.4789390308963
133, 970.7086815863757, 1133, 970.7086815863757
134, 864.8295499007331, 1134, 864.8295499007331
135, 314.6005820191752, 1135, 314.6005820191752
136, 469.9458655515509, 1136, 469.9458655515509
137, 759.3730132011643, 1137, 759.3730132011643
138, 79.62819719513558, 1138, 79.62819719513558
139, 310.25911914366355, 1139, 310.25911914366355
140, 488.93029308918545, 1140, 488.93029308918545
141, 690.2217296004868, 1141, 690.2217296004868
142, 312.8643056445929, 1142, 312.8643056445929
143, 911.058282484347, 1143, 911.058282484347
144, 499.9238926583848, 1144, 499.9238926583848
145, 966.9299676444666, 1145, 966.9299676444666
146, 925.3921308820194, 1146, 925.3921308820194
147, 950.2756967081081, 1147, 950.2756967081081
148, 591.4999051367544, 1148, 591.4999051367544
149, 896.3344382742787, 1149, 896.3344382742787
150, 119.34045174308594, 1150, 119.34045174308594
151, 36.3880339296182, 1151, 36.3880339296182
152, 741.8491130730033, 1152, 741.8491130730033
153, 816.7811598459112, 1153, 816.7811598459112
154, 379.76795609822454, 1154, 379.76795609822454
155, 270.3882739912244, 1155, 270.3882739912244
156, 635.9198498652286, 1156, 635.9198498652286
157, 88.58518515541991, 1157, 88.58518515541991
158, 193.95759177404904, 1158, 193.95759177404904
159, 496.96603201274627, 1159, 496.96603201274627
160, 289.5986975421295, 1160, 289.5986975421295
161, 150.8375131911437, 1161, 150.8375131911437
162, 499.68564667652305, 1162, 499.68564667652305
163, 97.19890211490268, 1163, 97.19890211490268
164, 27.36235823997557, 1164, 27.36235823997557
165, 763.3076868840891, 1165, 763.3076868840891
166, 427.91318989934047, 1166, 427.91318989934047
167, 599.3350792268391, 1167, 599.3350792268391
168, 318.8508851661577, 1168, 318.8508851661577
169, 335.16838860611676, 1169, 335.16838860611676
170, 846.6482386189522, 1170, 846.6482386189522
171, 865.965559826205, 1171, 865.965559826205
172, 37.74082301220949, 1172, 37.74082301220949
173, 686.6559461570507, 1173, 686.6559461570507
174, 396.16257925730025, 1174, 396.16257925730025
175, 645.5689569899976, 1175, 645.5689569899976
176, 830.551202604979, 1176, 830.551202604979
177, 526.906827358517, 1177, 526.906827358517
178, 884.4755567675006, 1178, 884.4755567675006
179, 782.9286051395962, 1179, 782.9286051395962
180, 633.6228185722757, 1180, 633.6228185722757
181, 737.7739291077802, 1181, 737.7739291077802
182, 70.7833007793206, 1182, 70.7833007793206
183, 183.81938897401074, 1183, 183.81938897401074
184, 671.5499985882321, 1184, 671.5499985882321
185, 227.8734028385254, 1185, 227.8734028385254
186, 579.0549829321646, 1186, 579.0549829321646
187, 7.782040299554871, 1187, 7.782040299554871
188, 895.6608873091127, 1188, 895.6608873091127
189, 871.245705425006, 1189, 871.245705425006
190, 625.9632149964165, 1190, 625.9632149964165
191, 859.6715362045504, 1191, 859.6715362045504
192, 879.8421171342914, 1192, 879.8421171342914
193, 405.49784637459527, 1193, 405.49784637459527
194, 293.16576586454204, 1194, 293.16576586454204
195, 562.3372947229383, 1195, 562.3372947229383
196, 833.7654132788549, 1196, 833.7654132788549
197, 896.9953633981265, 1197, 896.9953633981265
198, 234.88023756498387, 1198, 234.88023756498387
199, 235.56215902359844, 1199, 235.56215902359844
200, 563.8723372977488, 1200, 563.8723372977488
201, 305.97698125781335, 1201, 305.97698125781335
202, 409.5377935477601, 1202, 409.5377935477601
203, 16.0537506058267, 1203, 16.0537506058267
204, 721.2481590499369, 1204, 721.2481590499369
205, 858.6533317511314, 1205, 858.6533317511314
206, 73.0329111507455, 1206, 73.0329111507455
207, 656.3804805550111, 1207, 656.3804805550111
208, 596.5026608993782, 1208, 596.5026608993782
209, 833.8294133900332, 1209, 833.8294133900332
210, 243.3995073421037, 1210, 243.3995073421037
211, 597.2436743331428, 1211, 597.2436743331428
212, 710.3423919064636, 1212, 710.3423919064636
213, 373.44591971201345, 1213, 373.44591971201345
214, 678.1448593285567, 1214, 678.1448593285567
215, 791.7434511800224, 1215, 791.7434511800224
216, 591.9589844839795, 1216, 591.9589844839795
217, 523.3671282456392, 1217, 523.3671282456392
218, 973.921250873716, 1218, 973.921250873716
219, 220.49339242087385, 1219, 220.49339242087385
220, 405.93233665748863, 1220, 405.93233665748863
221, 64.69465887877612, 1221, 64.69465887877612
222, 173.7357647569644, 1222, 173.7357647569644
223, 86.27937119622553, 1223, 86.27937119622553
224, 981.4347023981275, 1224, 981.4347023981275
225, 99.70121223417605, 1225, 99.70121223417605
226, 167.77496056257158, 1226, 167.77496056257158
227, 240.4053322112879, 1227, 240.4053322112879
228, 131.9719824190797, 1228, 131.9719824190797
229, 602.0225753735423, 1229, 602.0225753735423
230, 940.8929098614541, 1230, 940.8929098614541
231, 899.154893107328, 1231, 899.154893107328
232, 548.7732560231229, 1232, 548.7732560231229
233, 111.35973260264798, 1233, 111.35973260264798
234, 902.8654160692827, 1234, 902.8654160692827
235, 109.07210105983623, 1235, 109.07210105983623
236, 149.16864447375733, 1236, 149.16864447375733
237, 914.6859445894964, 1237, 914.6859445894964
238, 145.76113610753993, 1238, 145.76113610753993
239, 772.7054225499891, 1239, 772.7054225499891
240, 77.97508882548487, 1240, 77.97508882548487
241, 718.8201039916914, 1241, 718.8201039916914
242, 764.3927504751634, 1242, 764.3927504751634
243, 586.702867306207, 1243, 586.702867306207
244, 116.78970241668496, 1244, 116.78970241668496
245, 127.91666910690336, 1245, 127.91666910690336
246, 636.130777009562, 1246, 636.130777009562
247, 913.4070125752338, 1247, 913.4070125752338
248, 790.0783705923427, 1248, 790.0783705923427
249, 489.9483305235736, 1249, 489.9483305235736
250, 479.20621966333454, 1250, 479.20621966333454
251, 884.03183277242, 1251, 884.03183277242
252, 456.6361241637503, 1252, 456.6361241637503
253, 228.73742620938708, 1253, 228.73742620938708
254, 847.5966822808816, 1254, 847.5966822808816
255, 882.780880764344, 1255, 882.780880764344
256, 350.99257515964155, 1256, 350.99257515964155
257, 291.464579738559, 1257, 291.464579738559
258, 455.5818818744407, 1258, 455.5818818744407
259, 148.7988148420427, 1259, 148.7988148420427
260, 784.2750520031718, 1260, 784.2750520031718
261, 641.6120595882318, 1261, 641.6120595882318
262, 270.4417663975004, 1262, 270.4417663975004
263, 597.9560658028208, 1263, 597.9560658028208
264, 427.87621443738067, 1264, 427.87621443738067
265, 558.4148311634725, 1265, 558.4148311634725
266, 532.5688384509789, 1266, 532.5688384509789
267, 920.2032549566895, 1267, 920.2032549566895
268, 395.30260443661524, 1268, 395.30260443661524
269, 35.48009277189745, 1269, 35.48009277189745
270, 517.3127146131628, 1270, 517.3127146131628
271, 182.15565011593682, 1271, 182.15565011593682
272, 408.5344775387062, 1272, 408.5344775387062
273, 727.528082967489, 1273, 727.528082967489
274, 364.7963437250923, 1274, 364.7963437250923
275, 22.274532589839247, 1275, 22.274532589839247
276, 26.655997663074583, 1276, 26.655997663074583
277, 188.8776117240696, 1277, 188.8776117240696
278, 837.5765562739786, 1278, 837.5765562739786
279, 719.5570731873761, 1279, 719.5570731873761
280, 698.4193992583375, 1280, 698.4193992583375
281, 397.59162893253375, 1281, 397.59162893253375
282, 184.34554049445572, 1282, 184.34554049445572
283, 717.7326853256667, 1283, 717.7326853256667
284, 555.8484866140279, 1284, 555.8484866140279
285, 442.0241886759359, 1285, 442.0241886759359
286, 16.45327424231158, 1286, 16.45327424231158
287, 46.303471400206966, 1287, 46.303471400206966
288, 471.923856472372, 1288, 471.923856472372
289, 69.57786132742294, 1289, 69.57786132742294
290, 22.858535547131908, 1290, 22.858535547131908
291, 116.65823916224416, 1291, 116.65823916224416
292, 744.7260724762167, 1292, 744.7260724762167
293, 870.8383928803087, 1293, 870.8383928803087
294, 437.5352687549656, 1294, 437.5352687549656
295, 14.870094318181648, 1295, 14.870094318181648
296, 545.8240597968121, 1296, 545.8240597968121
297, 886.0181509096245, 1297, 886.0181509096245
298, 583.8350688102038, 1298, 583.8350688102038
299, 979.2212875650932, 1299, 979.2212875650932
300, 616.269609732135, 1300, 616.269609732135
301, 565.4106432757493, 1301, 565.4106432757493
302, 728.0960058414198, 1302, 728.0960058414198
303, 656.7637703789479, 1303, 656.7637703789479
304, 398.3975886054293, 1304, 398.3975886054293
305, 686.6439181900264, 1305, 686.6439181900264
306, 710.9415112685854, 1306, 710.9415112685854
307, 905.2160053601909, 1307, 905.2160053601909
308, 881.4035764519822, 1308, 881.4035764519822
309, 860.7146037314799, 1309, 860.7146037314799
310, 459.8208778274152, 1310, 459.8208778274152
311, 328.6139105314981, 1311, 328.6139105314981
312, 945.3331514869316, 1312, 945.3331514869316
313, 630.1298971163827, 1313, 630.1298971163827
314, 922.0258191725901, 1314, 922.0258191725901
315, 363.4367285405531, 1315, 363.4367285405531
316, 114.57539806689387, 1316, 114.57539806689387
317, 490.7258321225842, 1317, 490.7258321225842
318, 489.29996006968327, 1318, 489.29996006968327
319, 778.3531658288865, 1319, 778.3531658288865
320, 987.0419559528965, 1320, 987.0419559528965
321, 882.033779566103, 1321, 882.033779566103
322, 613.5669704332838, 1322, 613.5669704332838
323, 685.9712173593787, 1323, 685.9712173593787
324, 506.874905620018, 1324, 506.874905620018
325, 56.85383633090779, 1325, 56.85383633090779
326, 618.6204802517934, 1326, 618.6204802517934
327, 423.5550400210745, 1327, 423.5550400210745
328, 151.79773186352043, 1328, 151.79773186352043
329, 538.445816829483, 1329, 538.445816829483
330, 398.27644056489896, 1330, 398.27644056489896
331, 295.7120389368695, 1331, 295.7120389368695
332, 150.650933777572, 1332, 150.650933777572
333, 864.8786997025721, 1333, 864.8786997025721
334, 258.4958502369399, 1334, 258.4958502369399
335, 228.74124345240443, 1335, 228.74124345240443
336, 789.4921608865067, 1336, 789.4921608865067
337, 141.43315348711738, 1337, 141.43315348711738
338, 155.3019238123272, 1338, 155.3019238123272
339, 703.5282069864722, 1339, 703.5282069864722
340, 352.72325307937035, 1340, 352.72325307937035
341, 245.3437891804926, 1341, 245.3437891804926
342, 585.5390951545767, 1342, 585.5390951545767
343, 985.3632633101018, 1343, 985.3632633101018
344, 869.906322843612, 1344, 869.906322843612
345, 598.8114299266099, 1345, 598.8114299266099
346, 831.7701100963894, 1346, 831.7701100963894
347, 164.0102442610718, 1347, 164.0102442610718
348, 493.2559802012655, 1348, 493.2559802012655
349, 852.9502620614446, 1349, 852.9502620614446
350, 798.8188818541265, 1350, 798.8188818541265
351, 123.48805933007279, 1351, 123.48805933007279
352, 620.2966133189133, 1352, 620.2966133189133
353, 46.57995832046635, 1353, 46.57995832046635
354, 66.73879929771486, 1354, 66.73879929771486
355, 781.2040876719593, 1355, 781.2040876719593
356, 944.327222926934, 1356, 944.327222926934
357, 897.3099480108926, 1357, 897.3099480108926
358, 890.1128756784618, 1358, 890.1128756784618
359, 694.326060884019, 1359, 694.326060884019
360, 372.1391847912788, 1360, 372.1391847912788
361, 407.1719825453698, 1361, 407.1719825453698
362, 413.4938676300316, 1362, 413.4938676300316
363, 249.7576717410679, 1363, 249.7576717410679
364, 948.9624023493869, 1364, 948.9624023493869
365, 398.4216167829514, 1365, 398.4216167829514
366, 289.6516677876331, 1366, 289.6516677876331
367, 703.246280617903, 1367, 703.246280617903
368, 740.0543066860449, 1368, 740.0543066860449
369, 130.0484128530227, 1369, 130.0484128530227
370, 838.1349010224313, 1370, 838.1349010224313
371, 88.28351866737493, 1371, 88.28351866737493
372, 283.92720085035353, 1372, 283.92720085035353
373, 514.8870257368458, 1373, 514.8870257368458
374, 118.48159638816446, 1374, 118.48159638816446
375, 772.895121265036, 1375, 772.895121265036
376, 730.7715683937464, 1376, 730.7715683937464
377, 977.2161530135177, 1377, 977.2161530135177
378, 829.9767079866657, 1378, 829.9767079866657
379, 605.5473068904449, 1379, 605.5473068904449
380, 103.18834958137302, 1380, 103.18834958137302
381, 746.8103436757676, 1381, 746.8103436757676
382, 60.050263171467336, 1382, 60.050263171467336
383, 655.8804112823419, 1383, 655.8804112823419
384, 806.5821781819343, 1384, 806.5821781819343
385, 567.3186207645897, 1385, 567.3186207645897
386, 712.9511056360202, 1386, 712.9511056360202
387, 96.6831933427289, 1387, 96.6831933427289
388, 218.32008589827856, 1388, 218.32008589827856
389, 655.0935877440045, 1389, 655.0935877440045
390, 118.92394983127818, 1390, 118.92394983127818
391, 325.2218252077973, 1391, 325.2218252077973
392, 731.2847515928137, 1392, 731.2847515928137
393, 339.1702442845184, 1393, 339.1702442845184
394, 727.474649604238, 1394, 727.474649604238
395, 941.8726805857926, 1395, 941.8726805857926
396, 976.9850617862459, 1396, 976.9850617862459
397, 969.8349214990411, 1397, 969.8349214990411
398, 306.1015349742772, 1398, 306.1015349742772
399, 143.8078589140558, 1399, 143.8078589140558
400, 410.5988670104095, 1400, 410.5988670104095
401, 608.8150502280782, 1401, 608.8150502280782
402, 292.6366551990955, 1402, 292.6366551990955
403, 702.1018097800625, 1403, 702.1018097800625
404, 348.20584759731133, 1404, 348.20584759731133
405, 845.9166441137664, 1405, 845.9166441137664
406, 992.6086977488084, 1406, 992.6086977488084
407, 847.3444631865954, 1407, 847.3444631865954
408, 679.7035875200705, 1408, 679.7035875200705
409, 291.0422993699604, 1409, 291.0422993699604
410, 793.6146969673262, 1410, 793.6146969673262
411, 353.35925643927044, 1411, 353.35925643927044
412, 689.4447007141329, 1412, 689.4447007141329
413, 529.1081761228359, 1413, 529.1081761228359
414, 186.13279966180585, 1414, 186.13279966180585
415, 697.4691288234443, 1415, 697.4691288234443
416, 394.7218246224349, 1416, 394.7218246224349
417, 78.09824443501145, 1417, 78.09824443501145
418, 349.41119339176953, 1418, 349.41119339176953
419, 88.41984778294044, 1419, 88.41984778294044
420, 316.87107043661223, 1420, 316.87107043661223
421, 25.29303775022207, 1421, 25.29303775022207
422, 240.01655303115498, 1422, 240.01655303115498
423, 456.04569763392647, 1423, 456.04569763392647
424, 325.15121776007106, 1424, 325.15121776007106
425, 418.88009124148107, 1425, 418.88009124148107
426, 601.2400211645886, 1426, 601.2400211645886
427, 289.15765673513295, 1427, 289.15765673513295
428, 733.1827470401928, 1428, 733.1827470401928
429, 479.20575517316354, 1429, 479.20575517316354
430, 414.2214277289723, 1430, 414.2214277289723
431, 899.7752682483456, 1431, 899.7752682483456
432, 671.0160899482084, 1432, 671.0160899482084
433, 215.58253509808821, 1433, 215.58253509808821
434, 164.4815020401462, 1434, 164.4815020401462
435, 734.8405708392902, 1435, 734.8405708392902
436, 956.0799446807258, 1436, 956.0799446807258
437, 681.6062922386416, 1437, 681.6062922386416
438, 259.74633652467526, 1438, 259.74633652467526
439, 283.86509243307256, 1439, 283.86509243307256
440, 282.7357837907346, 1440, 282.7357837907346
441, 269.8366843679589, 1441, 269.8366843679589
442, 410.7098646383814, 1442, 410.7098646383814
443, 191.43281347345044, 1443, 191.43281347345044
444, 752.8877952040286, 1444, 752.8877952040286
445, 400.2330554569793, 1445, 400.2330554569793
446, 199.73898119415279, 1446, 199.73898119415279
447, 306.8832723888223, 1447, 306.8832723888223
448, 671.2833485832609, 1448, 671.2833485832609
449, 914.8941162297587, 1449, 914.8941162297587
450, 696.3550367144343, 1450, 696.3550367144343
451, 189.0709312790132, 1451, 189.0709312790132
452, 37.49051371756495, 1452, 37.49051371756495
453, 906.3511949716432, 1453, 906.3511949716432
454, 245.17122103747434, 1454, 245.17122103747434
455, 932.7076923565008, 1455, 932.7076923565008
456, 129.39884968888927, 1456, 129.39884968888927
457, 982.8933982252998, 1457, 982.8933982252998
458, 489.58353057096394, 1458, 489.58353057096394
459, 745.9423823809954, 1459, 745.9423823809954
460, 49.357404403375995, 1460, 49.357404403375995
461, 546.365038145154, 1461, 546.365038145154
462, 726.1207331174721, 1462, 726.1207331174721
463, 377.86085962887694, 1463, 377.86085962887694
464, 48.840130013319325, 1464, 48.840130013319325
465, 824.1815186203536, 1465, 824.1815186203536
466, 526.8786831124918, 1466, 526.8786831124918
467, 173.25965819564283, 1467, 173.25965819564283
468, 981.7158423178878, 1468, 981.7158423178878
469, 819.1947591972212, 1469, 819.1947591972212
470, 443.3588582690898, 1470, 443.3588582690898
471, 135.79209262555014, 1471, 135.79209262555014
472, 39.14912012679661, 1472, 39.14912012679661
473, 707.6981688459659, 1473, 707.6981688459659
474, 289.9333002632732, 1474, 289.9333002632732
475, 294.52263643648394, 1475, 294.52263643648394
476, 304.64062583864217, 1476, 304.64062583864217
477, 879.2544778857966, 1477, 879.2544778857966
478, 941.4559601752859, 1478, 941.4559601752859
479, 846.5802791469798, 1479, 846.5802791469798
480, 861.1909257237197, 1480, 861.1909257237197
481, 128.98067222338904, 1481, 128.98067222338904
482, 690.0231173266358, 1482, 690.0231173266358
483, 921.2841687691445, 1483, 921.2841687691445
484, 500.3146346826872, 1484, 500.3146346826872
485, 156.66468793588618, 1485, 156.66468793588618
486, 169.14291200402232, 1486, 169.14291200402232
487, 981.3517702333231, 1487, 981.3517702333231
488, 518.6352092120037, 1488, 518.6352092120037
489, 261.0478622197907, 1489, 261.0478622197907
490, 702.573314056059, 1490, 702.573314056059
491, 430.62492656281137, 1491, 430.62492656281137
492, 827.1591104200013, 1492, 827.1591104200013
493, 535.8568394662951, 1493, 535.8568394662951
494, 213.38239650739155, 1494, 213.38239650739155
495, 594.2400041135941, 1495, 594.2400041135941
496, 60.03405122506145, 1496, 60.03405122506145
497, 695.788030365961, 1497, 695.788030365961
498, 82.23861403382726, 1498, 82.23861403382726
499, 380.4186187553099, 1499, 380.4186187553099
500, 170.94956735968626, 1500, 170.94956735968626
501, 970.2588718116218, 1501, 970.2588718116218
502, 653.8964035849277, 1502, 653.8964035849277
503, 460.93194847887884, 1503, 460.93194847887884
504, 181.0089600041549, 1504, 181.0089600041549
505, 414.6394670166601, 1505, 414.6394670166601
506, 998.4675112003599, 1506, 998.4675112003599
507, 884.1958556205959, 1507, 884.1958556205959
508, 834.7231866643596, 1508, 834.7231866643596
509, 873.7566914212026, 1509, 873.7566914212026
510, 40.211700682686754, 1510, 40.211700682686754
511, 951.7481529955127, 1511, 951.7481529955127
512, 402.7953937628355, 1512, 402.7953937628355
513, 612.6722147296668, 1513, 612.6722147296668
514, 718.062416804139, 1514, 718.062416804139
515, 341.32429150806354, 1515, 341.32429150806354
516, 814.0587423201333, 1516, 814.0587423201333
517, 377.20815431349683, 1517, 377.20815431349683
518, 115.34645312828084, 1518, 115.34645312828084
519, 105.49868925570816, 1519, 105.49868925570816
520, 406.56700032957957, 1520, 406.56700032957957
521, 143.82398544044395, 1521, 143.82398544044395
522, 126.7422886694337, 1522, 126.7422886694337
523, 348.43891815546004, 1523, 348.43891815546004
524, 651.190104696591, 1524, 651.190104696591
525, 27.590205718131642, 1525, 27.590205718131642
526, 249.74687263722618, 1526, 249.74687263722618
527, 65.64305431889306, 1527, 65.64305431889306
528, 807.7272143708735, 1528, 807.7272143708735
529, 697.4801889615153, 1529, 697.4801889615153
530, 118.43687932088687, 1530, 118.43687932088687
531, 29.381795043135874, 1531, 29.381795043135874
532, 927.8150221316891, 1532, 927.8150221316891
533, 987.2294170452444, 1533, 987.2294170452444
534, 960.5074401154886, 1534, 960.5074401154886
535, 191.31784130007546, 1535, 191.31784130007546
536, 495.11344605920584, 1536, 495.11344605920584
537, 443.9315960630006, 1537, 443.9315960630006
538, 493.2353751177777, 1538, 493.2353751177777
539, 910.2304373340925, 1539, 910.2304373340925
540, 490.1937064069113, 1540, 490.1937064069113
541, 224.3870421501213, 1541, 224.3870421501213
542, 394.68173349196934, 1542, 394.68173349196934
543, 701.2792315069173, 1543, 701.2792315069173
544, 871.3456636710163, 1544, 871.3456636710163
545, 643.9491633114765, 1545, 643.9491633114765
546, 991.6206019114817, 1546, 991.6206019114817
547, 337.3706209661359, 1547, 337.3706209661359
548, 681.0707024911211, 1548, 681.0707024911211
549, 92.88216293810136, 1549, 92.88216293810136
550, 436.30722557651416, 1550, 436.30722557651416
551, 289.5449021166826, 1551, 289.5449021166826
552, 390.6911675154642, 1552, 390.6911675154642
553, 889.1856109851204, 1553, 889.1856109851204
554, 700.9784585780546, 1554, 700.9784585780546
555, 850.7750836408596, 1555, 850.7750836408596
556, 385.46775954222454, 1556, 385.46775954222454
557, 407.6405086861643, 1557, 407.6405086861643
558, 171.5812501759295, 1558, 171.5812501759295
559, 677.9631391290429, 1559, 677.9631391290429
560, 611.1854425840842, 1560, 611.1854425840842
561, 314.82861088144267, 1561, 314.82861088144267
562, 119.73388073512936, 1562, 119.73388073512936
563, 237.40512596144413, 1563, 237.40512596144413
564, 187.73326392443045, 1564, 187.73326392443045
565, 345.7740838567641, 1565, 345.7740838567641
566, 95.551767493817, 1566, 95.551767493817
567, 550.8953186181232, 1567, 550.8953186181232
568, 136.62264482758457, 1568, 136.62264482758457
569, 915.8681757558288, 1569, 915.8681757558288
570, 314.3474706948829, 1570, 314.3474706948829
571, 980.0278354036951, 1571, 980.0278354036951
572, 134.60233720877534, 1572, 134.60233720877534
573, 203.77200313427514, 1573, 203.77200313427514
574, 446.2934418327582, 1574, 446.2934418327582
575, 852.3695467689923, 1575, 852.3695467689923
576, 359.6249196024153, 1576, 359.6249196024153
577, 996.2937309167307, 1577, 996.2937309167307
578, 572.301968516347, 1578, 572.301968516347
579, 377.5044494862132, 1579, 377.5044494862132
580, 301.67054731336094, 1580, 301.67054731336094
581, 38.05221161801286, 1581, 38.05221161801286
582, 162.2827850457198, 1582, 162.2827850457198
583, 319.1508645553977, 1583, 319.1508645553977
584, 886.3814860761117, 1584, 886.3814860761117
585, 127.90707243166754, 1585, 127.90707243166754
586, 659.3634029324254, 1586, 659.3634029324254
587, 847.0071356436446, 1587, 847.0071356436446
588, 826.3066608709574, 1588, 826.3066608709574
589, 342.9109804448971, 1589, 342.9109804448971
590, 188.54974296587778, 1590, 188.54974296587778
591, 948.0036513843073, 1591, 948.0036513843073
592, 915.5775810901908, 1592, 915.5775810901908
593, 698.7739951339405, 1593, 698.7739951339405
594, 331.61233612021965, 1594, 331.61233612021965
595, 208.28262819770293, 1595, 208.28262819770293
596, 505.74591872510035, 1596, 505.74591872510035
597, 883.6568970658642, 1597, 883.6568970658642
598, 263.7994489923544, 1598, 263.7994489923544
599, 705.0400267592923, 1599, 705.0400267592923
600, 127.87824036788965, 1600, 127.87824036788965
601, 345.41252684004144, 1601, 345.41252684004144
602, 994.2968536982987, 1602, 994.2968536982987
603, 997.0893320415524, 1603, 997.0893320415524
604, 778.1551759117249, 1604, 778.1551759117249
605, 971.0947539848291, 1605, 971.0947539848291
606, 415.15680131823154, 1606, 415.15680131823154
607, 772.4740809389149, 1607, 772.4740809389149
608, 74.7240997225963, 1608, 74.7240997225963
609, 856.7950807401262, 1609, 856.7950807401262
610, 895.7073485125496, 1610, 895.7073485125496
611, 645.2576261833613, 1611, 645.2576261833613
612, 659.8823592442587, 1612, 659.8823592442587
613, 778.5766153100362, 1613, 778.5766153100362
614, 616.602114480953, 1614, 616.602114480953
615, 415.7933739635574, 1615, 415.7933739635574
616, 602.0957850562027, 1616, 602.0957850562027
617, 603.298331056801, 1617, 603.298331056801
618, 684.8598955211397, 1618, 684.8598955211397
619, 759.1217252889405, 1619, 759.1217252889405
620, 555.7733049032383, 1620, 555.7733049032383
621, 885.2715691113616, 1621, 885.2715691113616
622, 874.1782603405102, 1622, 874.1782603405102
623, 265.676741014907, 1623, 265.676741014907
624, 449.2373007250918, 1624, 449.2373007250918
625, 942.1941129038569, 1625, 942.1941129038569
626, 311.78345233925984, 1626, 311.78345233925984
627, 769.8829987747338, 1627, 769.8829987747338
628, 590.4026245887136, 1628, 590.4026245887136
629, 866.07219751673, 1629, 866.07219751673
630, 146.21533233176552, 1630, 146.21533233176552
631, 450.9631795568224, 1631, 450.9631795568224
632, 40.957123014214616, 1632, 40.957123014214616
633, 389.45735801946034, 1633, 389.45735801946034
634, 736.9791006650878, 1634, 736.9791006650878
635, 958.206134334565, 1635, 958.206134334565
636, 451.67402798594304, 1636, 451.67402798594304
637, 552.3071478617563, 1637, 552.3071478617563
638, 79.77491761137489, 1638, 79.77491761137489
639, 598.1205062611798, 1639, 598.1205062611798
640, 406.8453125276327, 1640, 406.8453125276327
641, 309.9613534950062, 1641, 309.9613534950062
642, 807.9929798613149, 1642, 807.9929798613149
643, 53.84114443466914, 1643, 53.84114443466914
644, 697.1932950078448, 1644, 697.1932950078448
645, 123.98220856870701, 1645, 123.98220856870701
646, 809.3899113777949, 1646, 809.3899113777949
647, 371.8578466796123, 1647, 371.8578466796123
648, 238.5428340109993, 1648, 238.5428340109993
649, 964.2128044863698, 1649, 964.2128044863698
650, 418.5804877595213, 1650, 418.5804877595213
651, 360.3994087715886, 1651, 360.3994087715886
652, 315.1579296979087, 1652, 315.1579296979087
653, 409.2330306604434, 1653, 409.2330306604434
654, 902.9903404128233, 1654, 902.9903404128233
655, 624.3075824859633, 1655, 624.3075824859633
656, 86.04525988541944, 1656, 86.04525988541944
657, 696.3812798035585, 1657, 696.3812798035585
658, 101.76968769666239, 1658, 101.76968769666239
659, 891.9682606100101, 1659, 891.9682606100101
660, 858.4219238945587, 1660, 858.4219238945587
661, 471.5099450053839, 1661, 471.5099450053839
662, 363.96337322088345, 1662, 363.96337322088345
663, 83.46522096159458, 1663, 83.46522096159458
664, 948.6857499410968, 1664, 948.6857499410968
665, 432.2279422821257, 1665, 432.2279422821257
666, 621.7374256997617, 1666, 621.7374256997617
667, 216.00336343836858, 1667, 216.00336343836858
668, 718.8477248780462, 1668, 718.8477248780462
669, 155.69593230733315, 1669, 155.69593230733315
670, 593.3132904928358, 1670, 593.3132904928358
671, 782.7007172696875, 1671, 782.7007172696875
672, 254.0611360466386, 1672, 254.0611360466386
673, 973.3687618514085, 1673, 973.3687618514085
674, 214.37096913200438, 1674, 214.37096913200438
675, 564.1512833240989, 1675, 564.1512833240989
676, 371.46504145905755, 1676, 371.46504145905755
677, 73.97198367630486, 1677, 73.97198367630486
678, 582.11205575378, 1678, 582.11205575378
679, 243.45678946376037, 1679, 243.45678946376037
680, 344.25943612609655, 1680, 344.25943612609655
681, 946.9428474283374, 1681, 946.9428474283374
682, 786.3890933309174, 1682, 786.3890933309174
683, 662.7712646973084, 1683, 662.7712646973084
684, 192.91092589102888, 1684, 192.91092589102888
685, 839.2667152526329, 1685, 839.2667152526329
686, 832.3038776221902, 1686, 832.3038776221902
687, 423.26527925823876, 1687, 423.26527925823876
688, 561.3607943199104, 1688, 561.3607943199104
689, 234.26966771815495, 1689, 234.26966771815495
690, 154.0551459261471, 1690, 154.0551459261471
691, 417.04425415658466, 1691, 417.04425415658466
692, 729.3731319440301, 1692, 729.3731319440301
693, 869.4036749791011, 1693, 869.4036749791011
694, 693.348141310683, 1694, 693.348141310683
695, 522.0463031761954, 1695, 522.0463031761954
696, 270.10535886161034, 1696, 270.10535886161034
697, 412.9579294539483, 1697, 412.9579294539483
698, 665.707626008439, 1698, 665.707626008439
699, 990.948182251493, 1699, 990.948182251493
700, 843.8739544163847, 1700, 843.8739544163847
701, 728.0647677184116, 1701, 728.0647677184116
702, 746.8700974938046, 1702, 746.8700974938046
703, 301.00864615515496, 1703, 301.00864615515496
704, 503.7970421190253, 1704, 503.7970421190253
705, 806.2854173172987, 1705, 806.2854173172987
706, 936.0748834533558, 1706, 936.0748834533558
707, 417.30006092144833, 1707, 417.30006092144833
708, 847.7298649606835, 1708, 847.7298649606835
709, 102.47226240572782, 1709, 102.47226240572782
710, 161.01080771783595, 1710, 161.01080771783595
711, 661.4486855757604, 1711, 661.4486855757604
712, 485.64289973892147, 1712, 485.64289973892147
713, 843.7460140679212, 1713, 843.7460140679212
714, 293.6947774464032, 1714, 293.6947774464032
715, 904.9549360342985, 1715, 904.9549360342985
716, 177.25392398768713, 1716, 177.25392398768713
717, 553.1290131132658, 1717, 553.1290131132658
718, 67.08195757074276, 1718, 67.08195757074276
719, 816.8535196974684, 1719, 816.8535196974684
720, 947.6241789219841, 1720, 947.6241789219841
721, 716.6461697359712, 1721, 716.6461697359712
722, 44.24970066792733, 1722, 44.24970066792733
723, 215.40960414911726, 1723, 215.40960414911726
724, 562.4701713315839, 1724, 562.4701713315839
725, 607.5010943487466, 1725, 607.5010943487466
726, 485.93187281854443, 1726, 485.93187281854443
727, 698.6168916426483, 1727, 698.6168916426483
728, 410.6556438251877, 1728, 410.6556438251877
729, 397.6355999192378, 1729, 397.6355999192378
730, 878.2045099093481, 1730, 878.2045099093481
731, 339.055438752233, 1731, 339.055438752233
732, 32.889407019353726, 1732, 32.889407019353726
733, 788.3200546034723, 1733, 788.3200546034723
734, 859.1673950982635, 1734, 859.1673950982635
735, 330.7772496018041, 1735, 330.7772496018041
736, 2.671175416582905, 1736, 2.671175416582905
737, 41.933227567156784, 1737, 41.933227567156784
738, 255.5807513571744, 1738, 255.5807513571744
739, 59.763435378439645, 1739, 59.763435378439645
740, 630.1879373541746, 1740, 630.1879373541746
741, 328.0641053606168, 1741, 328.0641053606168
742, 732.936242319232, 1742, 732.936242319232
743, 377.3576187050067, 1743, 377.3576187050067
744, 733.531423523598, 1744, 733.531423523598
745, 940.2322180158118, 1745, 940.2322180158118
746, 262.72108745304524, 1746, 262.72108745304524
747, 704.7279848778222, 1747, 704.7279848778222
748, 874.4424881235489, 1748, 874.4424881235489
749, 262.42808116802973, 1749, 262.42808116802973
750, 465.33378993055976, 1750, 465.33378993055976
751, 394.9913019027708, 1751, 394.9913019027708
752, 56.852202057474656, 1752, 56.852202057474656
753, 893.2828976879724, 1753, 893.2828976879724
754, 147.64118643812384, 1754, 147.64118643812384
755, 681.9292972309798, 1755, 681.9292972309798
756, 461.3906992932212, 1756, 461.3906992932212
757, 296.70210145733375, 1757, 296.70210145733375
758, 416.4847921650517, 1758, 416.4847921650517
759, 44.79800424519675, 1759, 44.79800424519675
760, 594.9796107371, 1760, 594.9796107371
761, 426.06052836844646, 1761, 426.06052836844646
762, 337.73630561195057, 1762, 337.73630561195057
763, 919.5874093649751, 1763, 919.5874093649751
764, 516.5476047292003, 1764, 516.5476047292003
765, 611.9142064414259, 1765, 611.9142064414259
766, 321.0289564055928, 1766, 321.0289564055928
767, 667.1473280999422, 1767, 667.1473280999422
768, 314.9270541893918, 1768, 314.9270541893918
769, 819.6705704120911, 1769, 819.6705704120911
770, 406.13384203235034, 1770, 406.13384203235034
771, 12.750470604715126, 1771, 12.750470604715126
772, 737.2483653499073, 1772, 737.2483653499073
773, 984.3728793838274, 1773, 984.3728793838274
774, 968.0666738925955, 1774, 968.0666738925955
775, 582.3601538287652, 1775, 582.3601538287652
776, 35.06163403350093, 1776, 35.06163403350093
777, 243.87110746396968, 1777, 243.87110746396968
778, 90.55809555347626, 1778, 90.55809555347626
779, 146.316502176424, 1779, 146.316502176424
780, 587.0374551786655, 1780, 587.0374551786655
781, 85.11686628570314, 1781, 85.11686628570314
782, 236.7410849911259, 1782, 236.7410849911259
783, 627.6129489483582, 1783, 627.6129489483582
784, 695.7019168170315, 1784, 695.7019168170315
785, 442.46609707123383, 1785, 442.46609707123383
786, 255.33733147890558, 1786, 255.33733147890558
787, 982.374478001305, 1787, 982.374478001305
788, 845.3177083510639, 1788, 845.3177083510639
789, 939.9438924947716, 1789, 939.9438924947716
790, 536.2686546283496, 1790, 536.2686546283496
791, 916.9332364217865, 1791, 916.9332364217865
792, 695.2972063765517, 1792, 695.2972063765517
793, 576.8442469939312, 1793, 576.8442469939312
794, 851.7396002930748, 1794, 851.7396002930748
795, 46.97620620655884, 1795, 46.97620620655884
796, 227.74245313216113, 1796, 227.74245313216113
797, 811.410783371061, 1797, 811.410783371061
798, 948.941273396466, 1798, 948.941273396466
799, 224.18392535722043, 1799, 224.18392535722043
800, 179.1671681440815, 1800, 179.1671681440815
801, 439.2498621479719, 1801, 439.2498621479719
802, 367.4776129359587, 1802, 367.4776129359587
803, 215.67474225698035, 1803, 215.67474225698035
804, 13.765152932460945, 1804, 13.765152932460945
805, 132.01485611003827, 1805, 132.01485611003827
806, 642.4554737166281, 1806, 642.4554737166281
807, 906.770691092781, 1807, 906.770691092781
808, 267.940180727169, 1808, 267.940180727169
809, 989.4306211765744, 1809, 989.4306211765744
810, 27.203610730071716, 1810, 27.203610730071716
811, 488.3477322886433, 1811, 488.3477322886433
812, 441.332734496804, 1812, 441.332734496804
813, 901.5237253168176, 1813, 901.5237253168176
814, 577.1635056988564, 1814, 577.1635056988564
815, 491.7142651399994, 1815, 491.7142651399994
816, 949.6042709912974, 1816, 949.6042709912974
817, 443.88502960453826, 1817, 443.88502960453826
818, 824.9751803371131, 1818, 824.9751803371131
819, 191.69623887039344, 1819, 191.69623887039344
820, 116.89646990782066, 1820, 116.89646990782066
821, 415.2809640521136, 1821, 415.2809640521136
822, 23.615301839329028, 1822, 23.615301839329028
823, 96.38329747999907, 1823, 96.38329747999907
824, 940.4125781996063, 1824, 940.4125781996063
825, 739.8142672428962, 1825, 739.8142672428962
826, 421.99703853771587, 1826, 421.99703853771587
827, 183.92350791076782, 1827, 183.92350791076782
828, 587.2146433891282, 1828, 587.2146433891282
829, 781.3602865976061, 1829, 781.3602865976061
830, 457.21325878641994, 1830, 457.21325878641994
831, 690.6918772955119, 1831, 690.6918772955119
832, 264.7094672958027, 1832, 264.7094672958027
833, 693.4257606725863, 1833, 693.4257606725863
834, 415.9050163589939, 1834, 415.9050163589939
835, 472.2924725841546, 1835, 472.2924725841546
836, 546.1801504832817, 1836, 546.1801504832817
837, 294.6169824769731, 1837, 294.6169824769731
838, 573.3974357271273, 1838, 573.3974357271273
839, 160.87889504315189, 1839, 160.87889504315189
840, 137.57575648515174, 1840, 137.57575648515174
841, 662.2390969720624, 1841, 662.2390969720624
842, 126.87515985216858, 1842, 126.87515985216858
843, 138.70719265259535, 1843, 138.70719265259535
844, 880.4664006320531, 1844, 880.4664006320531
845, 568.130744236337, 1845, 568.130744236337
846, 730.6193513236865, 1846, 730.6193513236865
847, 386.7690756938247, 1847, 386.7690756938247
848, 114.03739319983774, 1848, 114.03739319983774
849, 933.3974300346609, 1849, 933.3974300346609
850, 42.196489728944854, 1850, 42.196489728944854
851, 586.756995709361, 1851, 586.756995709361
852, 811.1911913676214, 1852, 811.1911913676214
853, 681.7663739350653, 1853, 681.7663739350653
854, 737.1729368705902, 1854, 737.1729368705902
855, 869.0397242865431, 1855, 869.0397242865431
856, 256.5667844344025, 1856, 256.5667844344025
857, 628.3567680077228, 1857, 628.3567680077228
858, 731.4833298923962, 1858, 731.4833298923962
859, 93.84302051071947, 1859, 93.84302051071947
860, 399.04478663732743, 1860, 399.04478663732743
861, 624.9482905749354, 1861, 624.9482905749354
862, 341.4016321617303, 1862, 341.4016321617303
863, 552.5629971211523, 1863, 552.5629971211523
864, 714.4527553473947, 1864, 714.4527553473947
865, 114.12644086668766, 1865, 114.12644086668766
866, 560.9046196637339, 1866, 560.9046196637339
867, 423.9568431662857, 1867, 423.9568431662857
868, 712.2360609526504, 1868, 712.2360609526504
869, 630.7324499968479, 1869, 630.7324499968479
870, 483.73111991608243, 1870, 483.73111991608243
871, 629.1950424220598, 1871, 629.1950424220598
872, 818.6943405422498, 1872, 818.6943405422498
873, 90.72262887243998, 1873, 90.72262887243998
874, 865.8726187967713, 1874, 865.8726187967713
875, 523.247818121597, 1875, 523.247818121597
876, 876.4932078923558, 1876, 876.4932078923558
877, 914.1005628185513, 1877, 914.1005628185513
878, 799.6162595532164, 1878, 799.6162595532164
879, 89.05943464018196, 1879, 89.05943464018196
880, 269.3816741306346, 1880, 269.3816741306346
881, 264.010170393717, 1881, 264.010170393717
882, 742.2172888819179, 1882, 742.2172888819179
883, 495.48743915920636, 1883, 495.48743915920636
884, 575.5231920701583, 1884, 575.5231920701583
885, 438.91501070162195, 1885, 438.91501070162195
886, 793.532707324419, 1886, 793.532707324419
887, 735.2389788263222, 1887, 735.2389788263222
888, 971.9583708708955, 1888, 971.9583708708955
889, 670.0643316768995, 1889, 670.0643316768995
890, 224.47411299961263, 1890, 224.47411299961263
891, 492.15404361986504, 1891, 492.15404361986504
892, 20.811500020520125, 1892, 20.811500020520125
893, 612.8399479517614, 1893, 612.8399479517614
894, 799.4110006426293, 1894, 799.4110006426293
895, 944.0477830465163, 1895, 944.0477830465163
896, 729.4020475142913, 1896, 729.4020475142913
897, 841.9294601745252, 1897, 841.9294601745252
898, 678.5571959416795, 1898, 678.5571959416795
899, 901.0536967260998, 1899, 901.0536967260998
900, 498.46802050337425, 1900, 498.46802050337425
901, 248.31827147915965, 1901, 248.31827147915965
902, 162.32215815446395, 1902, 162.32215815446395
903, 484.4970126635727, 1903, 484.4970126635727
904, 6.141240738688825, 1904, 6.141240738688825
905, 662.6708905331004, 1905, 662.6708905331004
906, 279.09054333341345, 1906, 279.09054333341345
907, 187.08679933936568, 1907, 187.08679933936568
908, 870.319982252008, 1908, 870.319982252008
909, 607.8657943842703, 1909, 607.8657943842703
910, 100.82186734656273, 1910, 100.82186734656273
911, 417.05479996399754, 1911, 417.05479996399754
912, 200.61702254515157, 1912, 200.61702254515157
913, 281.77958544140637, 1913, 281.77958544140637
914, 623.9910872144515, 1914, 623.9910872144515
915, 659.786448412576, 1915, 659.786448412576
916, 679.9381393895329, 1916, 679.9381393895329
917, 722.0733227490734, 1917, 722.0733227490734
918, 115.29322863459434, 1918, 115.29322863459434
919, 469.11711424962454, 1919, 469.11711424962454
920, 711.7749314889663, 1920, 711.7749314889663
921, 748.6462329783569, 1921, 748.6462329783569
922, 924.0116524696571, 1922, 924.0116524696571
923, 868.9059739911222, 1923, 868.9059739911222
924, 689.0505285908197, 1924, 689.0505285908197
925, 723.5314129075571, 1925, 723.5314129075571
926, 996.4294184927132, 1926, 996.4294184927132
927, 692.9139664515662, 1927, 692.9139664515662
928, 539.5127993197239, 1928, 539.5127993197239
929, 252.27410848886433, 1929, 252.27410848886433
930, 733.8844488067746, 1930, 733.8844488067746
931, 653.3806448806381, 1931, 653.3806448806381
932, 266.8787697082986, 1932, 266.8787697082986
933, 603.7746504364358, 1933, 603.7746504364358
934, 648.6322436927353, 1934, 648.6322436927353
935, 198.46724859902608, 1935, 198.46724859902608
936, 964.3168107594954, 1936, 964.3168107594954
937, 342.56623905809835, 1937, 342.56623905809835
938, 796.6824186066916, 1938, 796.6824186066916
939, 329.2381693856782, 1939, 329.2381693856782
940, 616.4879254181118, 1940, 616.4879254181118
941, 90.4065954275689, 1941, 90.4065954275689
942, 214.9893121003037, 1942, 214.9893121003037
943, 864.1293554352663, 1943, 864.1293554352663
944, 282.72656170708774, 1944, 282.72656170708774
945, 593.3624017302785, 1945, 593.3624017302785
946, 335.1949320283211, 1946, 335.1949320283211
947, 523.7699116002634, 1947, 523.7699116002634
948, 595.2327196221565, 1948, 595.2327196221565
949, 22.694435973761195, 1949, 22.694435973761195
950, 78.97973448566998, 1950, 78.97973448566998
951, 165.14165460605423, 1951, 165.14165460605423
952, 805.290853567822, 1952, 805.290853567822
953, 178.7050277538125, 1953, 178.7050277538125
954, 347.3901041264272, 1954, 347.3901041264272
955, 622.0324879999147, 1955, 622.0324879999147
956, 966.4757322662315, 1956, 966.4757322662315
957, 645.8458672060372, 1957, 645.8458672060372
958, 757.6918932104729, 1958, 757.6918932104729
959, 777.249450358573, 1959, 777.249450358573
960, 558.9391742297183, 1960, 558.9391742297183
961, 7.76958562631358, 1961, 7.76958562631358
962, 234.50162940967147, 1962, 234.50162940967147
963, 537.0213949847355, 1963, 537.0213949847355
964, 925.517332076512, 1964, 925.517332076512
965, 4.131737220537057, 1965, 4.131737220537057
966, 721.4695338229204, 1966, 721.4695338229204
967, 10.694276712924555, 1967, 10.694276712924555
968, 21.483154382409666, 1968, 21.483154382409666
969, 142.88581051740746, 1969, 142.88581051740746
970, 687.5811363547202, 1970, 687.5811363547202
971, 419.8924961352354, 1971, 419.8924961352354
972, 904.7387501777129, 1972, 904.7387501777129
973, 637.3943301830549, 1973, 637.3943301830549
974, 916.4080529203422, 1974, 916.4080529203422
975, 929.630308718183, 1975, 929.630308718183
976, 730.3299558754186, 1976, 730.3299558754186
977, 459.13255863749146, 1977, 459.13255863749146
978, 897.8382857189439, 1978, 897.8382857189439
979, 513.3551224191842, 1979, 513.3551224191842
980, 342.1867968332941, 1980, 342.1867968332941
981, 287.80093341637456, 1981, 287.80093341637456
982, 439.2219761921249, 1982, 439.2219761921249
983, 311.20048054278914, 1983, 311.20048054278914
984, 341.25765104059235, 1984, 341.25765104059235
985, 279.2286002734181, 1985, 279.2286002734181
986, 136.4927156900966, 1986, 136.4927156900966
987, 122.12335680144105, 1987, 122.12335680144105
988, 216.1328654656416, 1988, 216.1328654656416
989, 940.2642814678437, 1989, 940.2642814678437
990, 454.1440700727542, 1990, 454.1440700727542
991, 758.0026511166244, 1991, 758.0026511166244
992, 697.7579436531846, 1992, 697.7579436531846
993, 698.2850015855236, 1993, 698.2850015855236
994, 964.2756104269132, 1994, 964.2756104269132
995, 69.16531767722655, 1995, 69.16531767722655
996, 23.749186241362573, 1996, 23.749186241362573
997, 784.7242202442112, 1997, 784.7242202442112
998, 610.7852379335314, 1998, 610.7852379335314
999, 50.434485187388354, 1999, 50.434485187388354
